2022444;ACCT505;5;9;100;
2016000;ENGL505;5;10;100;
2023333;EE505;5;7;100;
2018000;MATH505;5;10;100;
2017555;COE505;5;12;95;
2019555;PHYS505;5;12;95;
2022444;ACCT555;5;13;95;
2017123;MGMT331;4;8;93;
2023777;EE401;4;8;93;
2021101;CS451;5;15;90;
2021111;CS555;5;15;90;
2020999;ENGL303;4;7;88;
2020299;ENGL227;3;10;80;
2016455;COE101;3;11;80;
2017888;CS201;3;10;80;
2017707;ARAB301;3;11;80;
2017111;COE303;3;10;80;
2018666;MATH333;3;10;80;
2020666;ARAB401;4;15;78;
2020444;ARAB500;5;9;75;
2019999;PHYS333;3;13;75;
2016444;ENGL333;3;13;75;
2022222;ACCT405;4;17;73;
2019303;ACCT303;3;14;70;
2016888;ENGL500;5;7;70;
2019999;PHYS303;3;14;70;
2020000;ARAB303;3;14;70;
2021111;CS500;5;10;70;
2023111;EE303;3;15;70;
2017111;COE333;3;15;70;
2022666;ACCT333;3;15;70;
2018666;MATH333;3;15;70;
2016000;ENGL500;5;10;70;
2023333;EE500;5;7;70;
2018000;MATH500;5;10;70;
2016000;ENGL500;5;10;70;
2023333;EE500;5;7;70;
2018000;MATH500;5;10;70;
2016000;ENGL500;5;10;70;
2023333;EE500;5;7;70;
2018000;MATH500;5;10;70;
2016000;ENGL500;5;10;70;
2023333;EE500;5;7;70;
2018000;MATH500;5;10;70;
2016000;ENGL500;5;10;70;
2023333;EE500;5;7;70;
2018000;MATH500;5;10;70;
2016000;ENGL500;5;10;70;
2023333;EE500;5;7;70;
2018000;MATH500;5;10;70;
2016000;ENGL500;5;10;70;
2023333;EE500;5;7;70;
2018000;MATH500;5;10;70;
2016000;ENGL500;5;10;70;
2023333;EE500;5;7;70;
2018000;MATH500;5;10;70;
2016000;ENGL500;5;10;70;
2023333;EE500;5;7;70;
2018000;MATH500;5;10;70;
2016000;ENGL500;5;10;70;
2023333;EE500;5;7;70;
2018000;MATH500;5;10;70;
2016000;ENGL500;5;10;70;
2023333;EE500;5;7;70;
2018000;MATH500;5;10;70;
2016000;ENGL500;5;10;70;
2023333;EE500;5;7;70;
2018000;MATH500;5;10;70;
2016000;ENGL500;5;10;70;
2023333;EE500;5;7;70;
2018000;MATH500;5;10;70;
2016000;ENGL500;5;10;70;
2023333;EE500;5;7;70;
2018000;MATH500;5;10;70;
2016000;ENGL500;5;10;70;
2023333;EE500;5;7;70;
2018000;MATH500;5;10;70;
2016000;ENGL500;5;10;70;
2023333;EE500;5;7;70;
2018000;MATH500;5;10;70;
2016000;ENGL500;5;10;70;
2023333;EE500;5;7;70;
2018000;MATH500;5;10;70;
2016000;ENGL500;5;10;70;
2023333;EE500;5;7;70;
2018000;MATH500;5;10;70;
2016000;ENGL500;5;10;70;
2023333;EE500;5;7;70;
2018000;MATH500;5;10;70;
2016000;ENGL500;5;10;70;
2023333;EE500;5;7;70;
2018000;MATH500;5;10;70;
2016000;ENGL500;5;10;70;
2023333;EE500;5;7;70;
2018000;MATH500;5;10;70;
2016000;ENGL500;5;10;70;
2023333;EE500;5;7;70;
2018000;MATH500;5;10;70;
2016000;ENGL500;5;10;70;
2023333;EE500;5;7;70;
2018000;MATH500;5;10;70;
2016000;ENGL500;5;10;70;
2023333;EE500;5;7;70;
2018000;MATH500;5;10;70;
2016000;ENGL500;5;10;70;
2023333;EE500;5;7;70;
2018000;MATH500;5;10;70;
2016000;ENGL500;5;10;70;
2023333;EE500;5;7;70;
2018000;MATH500;5;10;70;
2016000;ENGL500;5;10;70;
2023333;EE500;5;7;70;
2018000;MATH500;5;10;70;
2016000;ENGL500;5;10;70;
2023333;EE500;5;7;70;
2018000;MATH500;5;10;70;
2016000;ENGL500;5;10;70;
2023333;EE500;5;7;70;
2018000;MATH500;5;10;70;
2016000;ENGL500;5;10;70;
2023333;EE500;5;7;70;
2018000;MATH500;5;10;70;
2016000;ENGL500;5;10;70;
2023333;EE500;5;7;70;
2018000;MATH500;5;10;70;
2016000;ENGL500;5;10;70;
2023333;EE500;5;7;70;
2018000;MATH500;5;10;70;
2016000;ENGL500;5;10;70;
2023333;EE500;5;7;70;
2018000;MATH500;5;10;70;
2016000;ENGL500;5;10;70;
2023333;EE500;5;7;70;
2018000;MATH500;5;10;70;
2016000;ENGL500;5;10;70;
2023333;EE500;5;7;70;
2018000;MATH500;5;10;70;
2016000;ENGL500;5;10;70;
2023333;EE500;5;7;70;
2018000;MATH500;5;10;70;
2016000;ENGL500;5;10;70;
2023333;EE500;5;7;70;
2018000;MATH500;5;10;70;
2016000;ENGL500;5;10;70;
2023333;EE500;5;7;70;
2018000;MATH500;5;10;70;
2016000;ENGL500;5;10;70;
2023333;EE500;5;7;70;
2018000;MATH500;5;10;70;
2016000;ENGL500;5;10;70;
2023333;EE500;5;7;70;
2018000;MATH500;5;10;70;
2016000;ENGL500;5;10;70;
2023333;EE500;5;7;70;
2018000;MATH500;5;10;70;
2016000;ENGL500;5;10;70;
2023333;EE500;5;7;70;
2018000;MATH500;5;10;70;
2016000;ENGL500;5;10;70;
2023333;EE500;5;7;70;
2018000;MATH500;5;10;70;
2016000;ENGL500;5;10;70;
2023333;EE500;5;7;70;
2018000;MATH500;5;10;70;
2016000;ENGL500;5;10;70;
2023333;EE500;5;7;70;
2018000;MATH500;5;10;70;
2016000;ENGL500;5;10;70;
2023333;EE500;5;7;70;
2018000;MATH500;5;10;70;
2016000;ENGL500;5;10;70;
2023333;EE500;5;7;70;
2018000;MATH500;5;10;70;
2016000;ENGL500;5;10;70;
2023333;EE500;5;7;70;
2018000;MATH500;5;10;70;
2016000;ENGL500;5;10;70;
2023333;EE500;5;7;70;
2018000;MATH500;5;10;70;
2016000;ENGL500;5;10;70;
2023333;EE500;5;7;70;
2018000;MATH500;5;10;70;
2016000;ENGL500;5;10;70;
2023333;EE500;5;7;70;
2018000;MATH500;5;10;70;
2016000;ENGL500;5;10;70;
2023333;EE500;5;7;70;
2018000;MATH500;5;10;70;
2016000;ENGL500;5;10;70;
2023333;EE500;5;7;70;
2018000;MATH500;5;10;70;
2016000;ENGL500;5;10;70;
2023333;EE500;5;7;70;
2018000;MATH500;5;10;70;
2016000;ENGL500;5;10;70;
2023333;EE500;5;7;70;
2018000;MATH500;5;10;70;
2016000;ENGL500;5;10;70;
2023333;EE500;5;7;70;
2018000;MATH500;5;10;70;
2016000;ENGL500;5;10;70;
2023333;EE500;5;7;70;
2018000;MATH500;5;10;70;
2016000;ENGL500;5;10;70;
2023333;EE500;5;7;70;
2018000;MATH500;5;10;70;
2016000;ENGL500;5;10;70;
2023333;EE500;5;7;70;
2018000;MATH500;5;10;70;
2016000;ENGL500;5;10;70;
2023333;EE500;5;7;70;
2018000;MATH500;5;10;70;
2016000;ENGL500;5;10;70;
2023333;EE500;5;7;70;
2018000;MATH500;5;10;70;
2016000;ENGL500;5;10;70;
2023333;EE500;5;7;70;
2018000;MATH500;5;10;70;
2016000;ENGL500;5;10;70;
2023333;EE500;5;7;70;
2018000;MATH500;5;10;70;
2016000;ENGL500;5;10;70;
2023333;EE500;5;7;70;
2018000;MATH500;5;10;70;
2016000;ENGL500;5;10;70;
2023333;EE500;5;7;70;
2018000;MATH500;5;10;70;
2016000;ENGL500;5;10;70;
2023333;EE500;5;7;70;
2018000;MATH500;5;10;70;
2016000;ENGL500;5;10;70;
2023333;EE500;5;7;70;
2018000;MATH500;5;10;70;
2016000;ENGL500;5;10;70;
2023333;EE500;5;7;70;
2018000;MATH500;5;10;70;
2016000;ENGL500;5;10;70;
2023333;EE500;5;7;70;
2018000;MATH500;5;10;70;
2016000;ENGL500;5;10;70;
2023333;EE500;5;7;70;
2018000;MATH500;5;10;70;
2016000;ENGL500;5;10;70;
2023333;EE500;5;7;70;
2018000;MATH500;5;10;70;
2016000;ENGL500;5;10;70;
2023333;EE500;5;7;70;
2018000;MATH500;5;10;70;
2016000;ENGL500;5;10;70;
2023333;EE500;5;7;70;
2018000;MATH500;5;10;70;
2016000;ENGL500;5;10;70;
2023333;EE500;5;7;70;
2018000;MATH500;5;10;70;
2016000;ENGL500;5;10;70;
2023333;EE500;5;7;70;
2018000;MATH500;5;10;70;
2016000;ENGL500;5;10;70;
2023333;EE500;5;7;70;
2018000;MATH500;5;10;70;
2016000;ENGL500;5;10;70;
2023333;EE500;5;7;70;
2018000;MATH500;5;10;70;
2016000;ENGL500;5;10;70;
2023333;EE500;5;7;70;
2018000;MATH500;5;10;70;
2016000;ENGL500;5;10;70;
2023333;EE500;5;7;70;
2018000;MATH500;5;10;70;
2016000;ENGL500;5;10;70;
2023333;EE500;5;7;70;
2018000;MATH500;5;10;70;
2016000;ENGL500;5;10;70;
2023333;EE500;5;7;70;
2018000;MATH500;5;10;70;
2016000;ENGL500;5;10;70;
2023333;EE500;5;7;70;
2018000;MATH500;5;10;70;
2016000;ENGL500;5;10;70;
2023333;EE500;5;7;70;
2018000;MATH500;5;10;70;
2016000;ENGL500;5;10;70;
2020808;CS111;1;9;68;
2023333;EE101;1;9;68;
2018222;MATH101;1;8;68;
2019111;PHYS459;3;19;65;
2021444;EE500;5;13;65;
2023505;MATH500;5;12;65;
2022444;ACCT500;5;13;65;
2022444;ACCT500;5;13;65;
2022444;ACCT500;5;13;65;
2022444;ACCT500;5;13;65;
2022444;ACCT500;5;13;65;
2022444;ACCT500;5;13;65;
2022444;ACCT500;5;13;65;
2022444;ACCT500;5;13;65;
2022444;ACCT500;5;13;65;
2022444;ACCT500;5;13;65;
2022444;ACCT500;5;13;65;
2022444;ACCT500;5;13;65;
2022444;ACCT500;5;13;65;
2022444;ACCT500;5;13;65;
2022444;ACCT500;5;13;65;
2022444;ACCT500;5;13;65;
2022444;ACCT500;5;13;65;
2022444;ACCT500;5;13;65;
2022444;ACCT500;5;13;65;
2022444;ACCT500;5;13;65;
2022444;ACCT500;5;13;65;
2022444;ACCT500;5;13;65;
2022444;ACCT500;5;13;65;
2022444;ACCT500;5;13;65;
2022444;ACCT500;5;13;65;
2022444;ACCT500;5;13;65;
2022444;ACCT500;5;13;65;
2022444;ACCT500;5;13;65;
2022444;ACCT500;5;13;65;
2022444;ACCT500;5;13;65;
2022444;ACCT500;5;13;65;
2022444;ACCT500;5;13;65;
2022444;ACCT500;5;13;65;
2022444;ACCT500;5;13;65;
2022444;ACCT500;5;13;65;
2022444;ACCT500;5;13;65;
2022444;ACCT500;5;13;65;
2022444;ACCT500;5;13;65;
2022444;ACCT500;5;13;65;
2022444;ACCT500;5;13;65;
2022444;ACCT500;5;13;65;
2022444;ACCT500;5;13;65;
2022444;ACCT500;5;13;65;
2022444;ACCT500;5;13;65;
2022444;ACCT500;5;13;65;
2022444;ACCT500;5;13;65;
2022444;ACCT500;5;13;65;
2022444;ACCT500;5;13;65;
22444;ACCT500;5;13;65;
22444;ACCT500;5;13;65;
22444;ACCT500;5;13;65;
22444;ACCT500;5;13;65;
22444;ACCT500;5;13;65;
22444;ACCT500;5;13;65;
22444;ACCT500;5;13;65;
22444;ACCT500;5;13;65;
22444;ACCT500;5;13;65;
22444;ACCT500;5;13;65;
22444;ACCT500;5;13;65;
22444;ACCT500;5;13;65;
22444;ACCT500;5;13;65;
22444;ACCT500;5;13;65;
22444;ACCT500;5;13;65;
22444;ACCT500;5;13;65;
22444;ACCT500;5;13;65;
22444;ACCT500;5;13;65;
22444;ACCT500;5;13;65;
22444;ACCT500;5;13;65;
22444;ACCT500;5;13;65;
22444;ACCT500;5;13;65;
22444;ACCT500;5;13;65;
22444;ACCT500;5;13;65;
22444;ACCT500;5;13;65;
22444;ACCT500;5;13;65;
22444;ACCT500;5;13;65;
22444;ACCT500;5;13;65;
22444;ACCT500;5;13;65;
22444;ACCT500;5;13;65;
22444;ACCT500;5;13;65;
22444;ACCT500;5;13;65;
22444;ACCT500;5;13;65;
22444;ACCT500;5;13;65;
22444;ACCT500;5;13;65;
2022789;CS305;1;7;63;
2020222;ACCT101;1;11;63;
2022555;MATH410;4;8;63;
2016666;ENGL101;1;10;63;
2017333;COE111;1;7;63;
2019333;PHYS111;1;7;63;
2019333;PHYS101;1;7;63;
2023555;EE101;1;10;63;
2019333;PHYS101;1;7;63;
2023555;EE101;1;10;63;
2019333;PHYS101;1;7;63;
2023555;EE101;1;10;63;
2019333;PHYS101;1;7;63;
2023555;EE101;1;10;63;
2019333;PHYS101;1;7;63;
2023555;EE101;1;10;63;
2019333;PHYS101;1;7;63;
2023555;EE101;1;10;63;
2019333;PHYS101;1;7;63;
2023555;EE101;1;10;63;
2019333;PHYS101;1;7;63;
2023555;EE101;1;10;63;
2019333;PHYS101;1;7;63;
2023555;EE101;1;10;63;
2019333;PHYS101;1;7;63;
2023555;EE101;1;10;63;
2019333;PHYS101;1;7;63;
2023555;EE101;1;10;63;
2019333;PHYS101;1;7;63;
2023555;EE101;1;10;63;
2019333;PHYS101;1;7;63;
2023555;EE101;1;10;63;
2019333;PHYS101;1;7;63;
2023555;EE101;1;10;63;
2019333;PHYS101;1;7;63;
2023555;EE101;1;10;63;
2019333;PHYS101;1;7;63;
2023555;EE101;1;10;63;
2019333;PHYS101;1;7;63;
2023555;EE101;1;10;63;
2019333;PHYS101;1;7;63;
2023555;EE101;1;10;63;
2019333;PHYS101;1;7;63;
2023555;EE101;1;10;63;
2019333;PHYS101;1;7;63;
2023555;EE101;1;10;63;
2019333;PHYS101;1;7;63;
2023555;EE101;1;10;63;
2019333;PHYS101;1;7;63;
2023555;EE101;1;10;63;
2019333;PHYS101;1;7;63;
2023555;EE101;1;10;63;
2019333;PHYS101;1;7;63;
2023555;EE101;1;10;63;
2019333;PHYS101;1;7;63;
2023555;EE101;1;10;63;
2019333;PHYS101;1;7;63;
2023555;EE101;1;10;63;
2019333;PHYS101;1;7;63;
2023555;EE101;1;10;63;
2019333;PHYS101;1;7;63;
2023555;EE101;1;10;63;
2019333;PHYS101;1;7;63;
2023555;EE101;1;10;63;
2019333;PHYS101;1;7;63;
2023555;EE101;1;10;63;
2019333;PHYS101;1;7;63;
2023555;EE101;1;10;63;
2019333;PHYS101;1;7;63;
2023555;EE101;1;10;63;
2019333;PHYS101;1;7;63;
2023555;EE101;1;10;63;
2019333;PHYS101;1;7;63;
2023555;EE101;1;10;63;
2019333;PHYS101;1;7;63;
2023555;EE101;1;10;63;
2019333;PHYS101;1;7;63;
2023555;EE101;1;10;63;
2019333;PHYS101;1;7;63;
2023555;EE101;1;10;63;
2019333;PHYS101;1;7;63;
2023555;EE101;1;10;63;
2019333;PHYS101;1;7;63;
2023555;EE101;1;10;63;
2019333;PHYS101;1;7;63;
2023555;EE101;1;10;63;
2019333;PHYS101;1;7;63;
2023555;EE101;1;10;63;
2019333;PHYS101;1;7;63;
2023555;EE101;1;10;63;
2019333;PHYS101;1;7;63;
2023555;EE101;1;10;63;
2019333;PHYS101;1;7;63;
2023555;EE101;1;10;63;
2019333;PHYS101;1;7;63;
2023555;EE101;1;10;63;
2019333;PHYS101;1;7;63;
2023555;EE101;1;10;63;
2019333;PHYS101;1;7;63;
2023555;EE101;1;10;63;
2019333;PHYS101;1;7;63;
2023555;EE101;1;10;63;
2019333;PHYS101;1;7;63;
2023555;EE101;1;10;63;
2019333;PHYS101;1;7;63;
2023555;EE101;1;10;63;
2019333;PHYS101;1;7;63;
2023555;EE101;1;10;63;
2019333;PHYS101;1;7;63;
2023555;EE101;1;10;63;
2019333;PHYS101;1;7;63;
2023555;EE101;1;10;63;
2019333;PHYS101;1;7;63;
2023555;EE101;1;10;63;
2019333;PHYS101;1;7;63;
2023555;EE101;1;10;63;
2019333;PHYS101;1;7;63;
2023555;EE101;1;10;63;
2019333;PHYS101;1;7;63;
2023555;EE101;1;10;63;
2019333;PHYS101;1;7;63;
2023555;EE101;1;10;63;
2019333;PHYS101;1;7;63;
2023555;EE101;1;10;63;
2019333;PHYS101;1;7;63;
2023555;EE101;1;10;63;
2019333;PHYS101;1;7;63;
2023555;EE101;1;10;63;
2019333;PHYS101;1;7;63;
2023555;EE101;1;10;63;
2019333;PHYS101;1;7;63;
2023555;EE101;1;10;63;
2019333;PHYS101;1;7;63;
2023555;EE101;1;10;63;
2019333;PHYS101;1;7;63;
2023555;EE101;1;10;63;
2019333;PHYS101;1;7;63;
2023555;EE101;1;10;63;
2019333;PHYS101;1;7;63;
2023555;EE101;1;10;63;
2019333;PHYS101;1;7;63;
2023555;EE101;1;10;63;
2019333;PHYS101;1;7;63;
2023555;EE101;1;10;63;
2019333;PHYS101;1;7;63;
2023555;EE101;1;10;63;
2019333;PHYS101;1;7;63;
2023555;EE101;1;10;63;
2019333;PHYS101;1;7;63;
2023555;EE101;1;10;63;
2019333;PHYS101;1;7;63;
2023555;EE101;1;10;63;
2019333;PHYS101;1;7;63;
2023555;EE101;1;10;63;
2019333;PHYS101;1;7;63;
2023555;EE101;1;10;63;
2019333;PHYS101;1;7;63;
2023555;EE101;1;10;63;
2019333;PHYS101;1;7;63;
2023555;EE101;1;10;63;
2019333;PHYS101;1;7;63;
2023555;EE101;1;10;63;
2019333;PHYS101;1;7;63;
2023555;EE101;1;10;63;
2019333;PHYS101;1;7;63;
2023555;EE101;1;10;63;
2019333;PHYS101;1;7;63;
2023555;EE101;1;10;63;
2019333;PHYS101;1;7;63;
2023555;EE101;1;10;63;
2019333;PHYS101;1;7;63;
2023555;EE101;1;10;63;
2015082;CS474;5;15;60;
2016333;CS333;2;14;60;
2021777;CS303;3;20;60;
2021111;CS500;5;15;60;
2021111;CS500;5;15;60;
2021111;CS500;5;15;60;
2021111;CS500;5;15;60;
2021111;CS500;5;15;60;
2021111;CS500;5;15;60;
2021111;CS500;5;15;60;
2021111;CS500;5;15;60;
2021111;CS500;5;15;60;
2021111;CS500;5;15;60;
2021111;CS500;5;15;60;
2021111;CS500;5;15;60;
2021111;CS500;5;15;60;
2021111;CS500;5;15;60;
2021111;CS500;5;15;60;
2021111;CS500;5;15;60;
2021111;CS500;5;15;60;
2021111;CS500;5;15;60;
2021111;CS500;5;15;60;
2021111;CS500;5;15;60;
2021111;CS500;5;15;60;
2021111;CS500;5;15;60;
2021111;CS500;5;15;60;
2021111;CS500;5;15;60;
2021111;CS500;5;15;60;
2021111;CS500;5;15;60;
2021111;CS500;5;15;60;
2021111;CS500;5;15;60;
2021111;CS500;5;15;60;
2021111;CS500;5;15;60;
2021111;CS500;5;15;60;
2021111;CS500;5;15;60;
2021111;CS500;5;15;60;
2021111;CS500;5;15;60;
2021111;CS500;5;15;60;
2021111;CS500;5;15;60;
2021111;CS500;5;15;60;
2021111;CS500;5;15;60;
2021111;CS500;5;15;60;
2021111;CS500;5;15;60;
2021111;CS500;5;15;60;
2021111;CS500;5;15;60;
2021111;CS500;5;15;60;
2021111;CS500;5;15;60;
2021111;CS500;5;15;60;
2021111;CS500;5;15;60;
2021111;CS500;5;15;60;
2021111;CS500;5;15;60;
2021111;CS500;5;15;60;
2021111;CS500;5;15;60;
2021111;CS500;5;15;60;
2021111;CS500;5;15;60;
2021111;CS500;5;15;60;
2021111;CS500;5;15;60;
2021111;CS500;5;15;60;
2021111;CS500;5;15;60;
2021111;CS500;5;15;60;
2021111;CS500;5;15;60;
2021111;CS500;5;15;60;
2021111;CS500;5;15;60;
2021111;CS500;5;15;60;
2021111;CS500;5;15;60;
2021111;CS500;5;15;60;
2021111;CS500;5;15;60;
2021111;CS500;5;15;60;
2021111;CS500;5;15;60;
2021111;CS500;5;15;60;
2021111;CS500;5;15;60;
2021111;CS500;5;15;60;
2021111;CS500;5;15;60;
2021111;CS500;5;15;60;
2021111;CS500;5;15;60;
2021111;CS500;5;15;60;
2021111;CS500;5;15;60;
2021111;CS500;5;15;60;
2021111;CS500;5;15;60;
2021111;CS500;5;15;60;
2021111;CS500;5;15;60;
2021111;CS500;5;15;60;
2021111;CS500;5;15;60;
2021111;CS500;5;15;60;
2021111;CS500;5;15;60;
2021111;CS500;5;15;60;
2021999;CS101;1;13;58;
2018444;MATH111;1;13;58;
2017555;COE404;4;10;58;
2021333;CS444;4;7;58;
2017555;COE400;4;10;58;
2021333;CS400;4;7;58;
2017555;COE400;4;10;58;
2021333;CS400;4;7;58;
2017555;COE400;4;10;58;
2021333;CS400;4;7;58;
2017555;COE400;4;10;58;
2021333;CS400;4;7;58;
2017555;COE400;4;10;58;
2021333;CS400;4;7;58;
2017555;COE400;4;10;58;
2021333;CS400;4;7;58;
2017555;COE400;4;10;58;
2021333;CS400;4;7;58;
2017555;COE400;4;10;58;
2021333;CS400;4;7;58;
2017555;COE400;4;10;58;
2021333;CS400;4;7;58;
2017555;COE400;4;10;58;
2021333;CS400;4;7;58;
2017555;COE400;4;10;58;
2021333;CS400;4;7;58;
2017555;COE400;4;10;58;
2021333;CS400;4;7;58;
2017555;COE400;4;10;58;
2021333;CS400;4;7;58;
2017555;COE400;4;10;58;
2021333;CS400;4;7;58;
2017555;COE400;4;10;58;
2021333;CS400;4;7;58;
2017555;COE400;4;10;58;
2021333;CS400;4;7;58;
2017555;COE400;4;10;58;
2021333;CS400;4;7;58;
2017555;COE400;4;10;58;
2021333;CS400;4;7;58;
2017555;COE400;4;10;58;
2021333;CS400;4;7;58;
2017555;COE400;4;10;58;
2021333;CS400;4;7;58;
2017555;COE400;4;10;58;
2021333;CS400;4;7;58;
2017555;COE400;4;10;58;
2021333;CS400;4;7;58;
2017555;COE400;4;10;58;
2021333;CS400;4;7;58;
2017555;COE400;4;10;58;
2021333;CS400;4;7;58;
2017555;COE400;4;10;58;
2021333;CS400;4;7;58;
2017555;COE400;4;10;58;
2021333;CS400;4;7;58;
2017555;COE400;4;10;58;
2021333;CS400;4;7;58;
2017555;COE400;4;10;58;
2021333;CS400;4;7;58;
2017555;COE400;4;10;58;
2021333;CS400;4;7;58;
2017555;COE400;4;10;58;
2021333;CS400;4;7;58;
2017555;COE400;4;10;58;
2021333;CS400;4;7;58;
2017555;COE400;4;10;58;
2021333;CS400;4;7;58;
2017555;COE400;4;10;58;
2021333;CS400;4;7;58;
2017555;COE400;4;10;58;
2021333;CS400;4;7;58;
2017555;COE400;4;10;58;
2021333;CS400;4;7;58;
2017555;COE400;4;10;58;
2021333;CS400;4;7;58;
2017555;COE400;4;10;58;
2021333;CS400;4;7;58;
2017555;COE400;4;10;58;
2021333;CS400;4;7;58;
2017555;COE400;4;10;58;
2021333;CS400;4;7;58;
2017555;COE400;4;10;58;
2021333;CS400;4;7;58;
2017555;COE400;4;10;58;
2021333;CS400;4;7;58;
2017555;COE400;4;10;58;
2021333;CS400;4;7;58;
2017555;COE400;4;10;58;
2021333;CS400;4;7;58;
2017555;COE400;4;10;58;
2021333;CS400;4;7;58;
2017555;COE400;4;10;58;
2021333;CS400;4;7;58;
2017555;COE400;4;10;58;
2021333;CS400;4;7;58;
2017555;COE400;4;10;58;
2021333;CS400;4;7;58;
2017555;COE400;4;10;58;
2021333;CS400;4;7;58;
2017555;COE400;4;10;58;
2021333;CS400;4;7;58;
2017555;COE400;4;10;58;
2021333;CS400;4;7;58;
2017555;COE400;4;10;58;
2021333;CS400;4;7;58;
2017555;COE400;4;10;58;
2021333;CS400;4;7;58;
2017555;COE400;4;10;58;
2021333;CS400;4;7;58;
2017555;COE400;4;10;58;
2021333;CS400;4;7;58;
2017555;COE400;4;10;58;
2021333;CS400;4;7;58;
2017555;COE400;4;10;58;
2021333;CS400;4;7;58;
2017555;COE400;4;10;58;
2021333;CS400;4;7;58;
2017555;COE400;4;10;58;
2021333;CS400;4;7;58;
2017555;COE400;4;10;58;
2021333;CS400;4;7;58;
2017555;COE400;4;10;58;
2021333;CS400;4;7;58;
2017555;COE400;4;10;58;
2021333;CS400;4;7;58;
2017555;COE400;4;10;58;
2021333;CS400;4;7;58;
2017555;COE400;4;10;58;
2021333;CS400;4;7;58;
2017555;COE400;4;10;58;
2021333;CS400;4;7;58;
2017555;COE400;4;10;58;
2021333;CS400;4;7;58;
2017555;COE400;4;10;58;
2021333;CS400;4;7;58;
2017555;COE400;4;10;58;
2021333;CS400;4;7;58;
2017555;COE400;4;10;58;
2021333;CS400;4;7;58;
2017555;COE400;4;10;58;
2021333;CS400;4;7;58;
2017555;COE400;4;10;58;
2021333;CS400;4;7;58;
2017555;COE400;4;10;58;
2021333;CS400;4;7;58;
2017555;COE400;4;10;58;
2021333;CS400;4;7;58;
2017555;COE400;4;10;58;
2021333;CS400;4;7;58;
2017555;COE400;4;10;58;
2021333;CS400;4;7;58;
2017555;COE400;4;10;58;
2021333;CS400;4;7;58;
2017555;COE400;4;10;58;
2021333;CS400;4;7;58;
2017555;COE400;4;10;58;
2021333;CS400;4;7;58;
2017555;COE400;4;10;58;
2021333;CS400;4;7;58;
2017555;COE400;4;10;58;
2021333;CS400;4;7;58;
2017555;COE400;4;10;58;
2021333;CS400;4;7;58;
2017555;COE400;4;10;58;
2021333;CS400;4;7;58;
2017555;COE400;4;10;58;
2021333;CS400;4;7;58;
2017555;COE400;4;10;58;
2021333;CS400;4;7;58;
2021045;EE156;5;17;55;
2017511;ENGL444;5;18;55;
2017333;COE201;2;16;55;
2023009;ARAB222;4;13;53;
2019777;PHYS404;4;12;53;
2018000;MATH400;4;13;53;
2020222;ARAB101;1;15;53;
2016222;ENGL400;4;12;53;
2023555;EE111;1;14;53;
2020666;ARAB111;1;15;53;
2020444;ARAB404;4;13;53;
2016666;ENGL111;1;15;53;
2020444;ARAB400;4;13;53;
2020444;ARAB400;4;13;53;
2020444;ARAB400;4;13;53;
2020444;ARAB400;4;13;53;
2020444;ARAB400;4;13;53;
2020444;ARAB400;4;13;53;
2020444;ARAB400;4;13;53;
2020444;ARAB400;4;13;53;
2020444;ARAB400;4;13;53;
2020444;ARAB400;4;13;53;
2020444;ARAB400;4;13;53;
2020444;ARAB400;4;13;53;
2020444;ARAB400;4;13;53;
2020444;ARAB400;4;13;53;
2020444;ARAB400;4;13;53;
2020444;ARAB400;4;13;53;
2020444;ARAB400;4;13;53;
2020444;ARAB400;4;13;53;
2020444;ARAB400;4;13;53;
2020444;ARAB400;4;13;53;
2020444;ARAB400;4;13;53;
2020444;ARAB400;4;13;53;
2020444;ARAB400;4;13;53;
2020444;ARAB400;4;13;53;
2020444;ARAB400;4;13;53;
2020444;ARAB400;4;13;53;
2020444;ARAB400;4;13;53;
2020444;ARAB400;4;13;53;
2020444;ARAB400;4;13;53;
2020444;ARAB400;4;13;53;
2020444;ARAB400;4;13;53;
2020444;ARAB400;4;13;53;
2020444;ARAB400;4;13;53;
2020444;ARAB400;4;13;53;
2020444;ARAB400;4;13;53;
2020444;ARAB400;4;13;53;
2020444;ARAB400;4;13;53;
2020444;ARAB400;4;13;53;
2020444;ARAB400;4;13;53;
2020444;ARAB400;4;13;53;
2020444;ARAB400;4;13;53;
2020444;ARAB400;4;13;53;
2020444;ARAB400;4;13;53;
2020444;ARAB400;4;13;53;
2020444;ARAB400;4;13;53;
2020444;ARAB400;4;13;53;
2020444;ARAB400;4;13;53;
2020444;ARAB400;4;13;53;
2020444;ARAB400;4;13;53;
2020444;ARAB400;4;13;53;
2020444;ARAB400;4;13;53;
2020444;ARAB400;4;13;53;
2020444;ARAB400;4;13;53;
2020444;ARAB400;4;13;53;
2020444;ARAB400;4;13;53;
2020444;ARAB400;4;13;53;
2020444;ARAB400;4;13;53;
2020444;ARAB400;4;13;53;
2020444;ARAB400;4;13;53;
2020444;ARAB400;4;13;53;
2020444;ARAB400;4;13;53;
2020444;ARAB400;4;13;53;
2020444;ARAB400;4;13;53;
2020444;ARAB400;4;13;53;
2020444;ARAB400;4;13;53;
2020444;ARAB400;4;13;53;
2020444;ARAB400;4;13;53;
2020444;ARAB400;4;13;53;
2020444;ARAB400;4;13;53;
2020444;ARAB400;4;13;53;
2020444;ARAB400;4;13;53;
2020444;ARAB400;4;13;53;
2020444;ARAB400;4;13;53;
2020444;ARAB400;4;13;53;
2020444;ARAB400;4;13;53;
2020444;ARAB400;4;13;53;
2020444;ARAB400;4;13;53;
2020444;ARAB400;4;13;53;
2020444;ARAB400;4;13;53;
2020444;ARAB400;4;13;53;
2020444;ARAB400;4;13;53;
2020444;ARAB400;4;13;53;
2020444;ARAB400;4;13;53;
2018444;MATH300;3;10;50;
2016444;ENGL300;3;7;50;
2019777;PHYS500;5;20;50;
2020000;ARAB300;3;10;50;
2020000;ARAB300;3;10;50;
2020000;ARAB300;3;10;50;
2020000;ARAB300;3;10;50;
2020000;ARAB300;3;10;50;
2020000;ARAB300;3;10;50;
2020000;ARAB300;3;10;50;
2020000;ARAB300;3;10;50;
2020000;ARAB300;3;10;50;
2020000;ARAB300;3;10;50;
2020000;ARAB300;3;10;50;
2020000;ARAB300;3;10;50;
2020000;ARAB300;3;10;50;
2020000;ARAB300;3;10;50;
2020000;ARAB300;3;10;50;
2020000;ARAB300;3;10;50;
2020000;ARAB300;3;10;50;
2020000;ARAB300;3;10;50;
2020000;ARAB300;3;10;50;
2020000;ARAB300;3;10;50;
2020000;ARAB300;3;10;50;
2020000;ARAB300;3;10;50;
2020000;ARAB300;3;10;50;
2020000;ARAB300;3;10;50;
2020000;ARAB300;3;10;50;
2020000;ARAB300;3;10;50;
2020000;ARAB300;3;10;50;
2020000;ARAB300;3;10;50;
2020000;ARAB300;3;10;50;
2020000;ARAB300;3;10;50;
2020000;ARAB300;3;10;50;
2020000;ARAB300;3;10;50;
2020000;ARAB300;3;10;50;
2020000;ARAB300;3;10;50;
2020000;ARAB300;3;10;50;
2020000;ARAB300;3;10;50;
2020000;ARAB300;3;10;50;
2020000;ARAB300;3;10;50;
2020000;ARAB300;3;10;50;
2020000;ARAB300;3;10;50;
2020000;ARAB300;3;10;50;
2020000;ARAB300;3;10;50;
2020000;ARAB300;3;10;50;
2020000;ARAB300;3;10;50;
2020000;ARAB300;3;10;50;
2020000;ARAB300;3;10;50;
2020000;ARAB300;3;10;50;
2020000;ARAB300;3;10;50;
2020000;ARAB300;3;10;50;
2020000;ARAB300;3;10;50;
2020000;ARAB300;3;10;50;
2020000;ARAB300;3;10;50;
2020000;ARAB300;3;10;50;
2020000;ARAB300;3;10;50;
2020000;ARAB300;3;10;50;
2020000;ARAB300;3;10;50;
2020000;ARAB300;3;10;50;
2020000;ARAB300;3;10;50;
2020000;ARAB300;3;10;50;
2020000;ARAB300;3;10;50;
2020000;ARAB300;3;10;50;
2020000;ARAB300;3;10;50;
2020000;ARAB300;3;10;50;
2020000;ARAB300;3;10;50;
2020000;ARAB300;3;10;50;
2020000;ARAB300;3;10;50;
2020000;ARAB300;3;10;50;
2020000;ARAB300;3;10;50;
2020000;ARAB300;3;10;50;
2020000;ARAB300;3;10;50;
2020000;ARAB300;3;10;50;
2020000;ARAB300;3;10;50;
2020000;ARAB300;3;10;50;
2020000;ARAB300;3;10;50;
2020000;ARAB300;3;10;50;
2020000;ARAB300;3;10;50;
2020000;ARAB300;3;10;50;
2020000;ARAB300;3;10;50;
2020000;ARAB300;3;10;50;
2020000;ARAB300;3;10;50;
2020000;ARAB300;3;10;50;
2020000;ARAB300;3;10;50;
2020000;ARAB300;3;10;50;
2020000;ARAB300;3;10;50;
2022888;ACCT111;1;18;48;
2019333;PHYS101;1;17;48;
2018333;MATH302;2;9;45;
2016010;CS300;3;13;45;
2019111;PHYS202;2;8;45;
2023111;EE300;3;13;45;
2022666;ACCT300;3;13;45;
2019999;PHYS300;3;13;45;
2016444;ENGL300;3;13;45;
2019999;PHYS300;3;13;45;
2016444;ENGL300;3;13;45;
2019999;PHYS300;3;13;45;
2016444;ENGL300;3;13;45;
2019999;PHYS300;3;13;45;
2016444;ENGL300;3;13;45;
2019999;PHYS300;3;13;45;
2016444;ENGL300;3;13;45;
2019999;PHYS300;3;13;45;
2016444;ENGL300;3;13;45;
2019999;PHYS300;3;13;45;
2016444;ENGL300;3;13;45;
2019999;PHYS300;3;13;45;
2016444;ENGL300;3;13;45;
2019999;PHYS300;3;13;45;
2016444;ENGL300;3;13;45;
2019999;PHYS300;3;13;45;
2016444;ENGL300;3;13;45;
2019999;PHYS300;3;13;45;
2016444;ENGL300;3;13;45;
2019999;PHYS300;3;13;45;
2016444;ENGL300;3;13;45;
2019999;PHYS300;3;13;45;
2016444;ENGL300;3;13;45;
2019999;PHYS300;3;13;45;
2016444;ENGL300;3;13;45;
2019999;PHYS300;3;13;45;
2016444;ENGL300;3;13;45;
2019999;PHYS300;3;13;45;
2016444;ENGL300;3;13;45;
2019999;PHYS300;3;13;45;
2016444;ENGL300;3;13;45;
2019999;PHYS300;3;13;45;
2016444;ENGL300;3;13;45;
2019999;PHYS300;3;13;45;
2016444;ENGL300;3;13;45;
2019999;PHYS300;3;13;45;
2016444;ENGL300;3;13;45;
2019999;PHYS300;3;13;45;
2016444;ENGL300;3;13;45;
2019999;PHYS300;3;13;45;
2016444;ENGL300;3;13;45;
2019999;PHYS300;3;13;45;
2016444;ENGL300;3;13;45;
2019999;PHYS300;3;13;45;
2016444;ENGL300;3;13;45;
2019999;PHYS300;3;13;45;
2016444;ENGL300;3;13;45;
2019999;PHYS300;3;13;45;
2016444;ENGL300;3;13;45;
2019999;PHYS300;3;13;45;
2016444;ENGL300;3;13;45;
2019999;PHYS300;3;13;45;
2016444;ENGL300;3;13;45;
2019999;PHYS300;3;13;45;
2016444;ENGL300;3;13;45;
2019999;PHYS300;3;13;45;
2016444;ENGL300;3;13;45;
2019999;PHYS300;3;13;45;
2016444;ENGL300;3;13;45;
2019999;PHYS300;3;13;45;
2016444;ENGL300;3;13;45;
2019999;PHYS300;3;13;45;
2016444;ENGL300;3;13;45;
2019999;PHYS300;3;13;45;
2016444;ENGL300;3;13;45;
2019999;PHYS300;3;13;45;
2016444;ENGL300;3;13;45;
2019999;PHYS300;3;13;45;
2016444;ENGL300;3;13;45;
2019999;PHYS300;3;13;45;
2016444;ENGL300;3;13;45;
2019999;PHYS300;3;13;45;
2016444;ENGL300;3;13;45;
2019999;PHYS300;3;13;45;
2016444;ENGL300;3;13;45;
2019999;PHYS300;3;13;45;
2016444;ENGL300;3;13;45;
2019999;PHYS300;3;13;45;
2016444;ENGL300;3;13;45;
2019999;PHYS300;3;13;45;
2016444;ENGL300;3;13;45;
2019999;PHYS300;3;13;45;
2016444;ENGL300;3;13;45;
2019999;PHYS300;3;13;45;
2016444;ENGL300;3;13;45;
2019999;PHYS300;3;13;45;
2016444;ENGL300;3;13;45;
2019999;PHYS300;3;13;45;
2016444;ENGL300;3;13;45;
2019999;PHYS300;3;13;45;
2016444;ENGL300;3;13;45;
2019999;PHYS300;3;13;45;
2016444;ENGL300;3;13;45;
2019999;PHYS300;3;13;45;
2016444;ENGL300;3;13;45;
2019999;PHYS300;3;13;45;
2016444;ENGL300;3;13;45;
2019999;PHYS300;3;13;45;
2016444;ENGL300;3;13;45;
2019999;PHYS300;3;13;45;
2016444;ENGL300;3;13;45;
2019999;PHYS300;3;13;45;
2016444;ENGL300;3;13;45;
2019999;PHYS300;3;13;45;
2016444;ENGL300;3;13;45;
2019999;PHYS300;3;13;45;
2016444;ENGL300;3;13;45;
2019999;PHYS300;3;13;45;
2016444;ENGL300;3;13;45;
2019999;PHYS300;3;13;45;
2016444;ENGL300;3;13;45;
2019999;PHYS300;3;13;45;
2016444;ENGL300;3;13;45;
2019999;PHYS300;3;13;45;
2016444;ENGL300;3;13;45;
2019999;PHYS300;3;13;45;
2016444;ENGL300;3;13;45;
2019999;PHYS300;3;13;45;
2016444;ENGL300;3;13;45;
2019999;PHYS300;3;13;45;
2016444;ENGL300;3;13;45;
2019999;PHYS300;3;13;45;
2016444;ENGL300;3;13;45;
2019999;PHYS300;3;13;45;
2016444;ENGL300;3;13;45;
2019999;PHYS300;3;13;45;
2016444;ENGL300;3;13;45;
2019999;PHYS300;3;13;45;
2016444;ENGL300;3;13;45;
2019999;PHYS300;3;13;45;
2016444;ENGL300;3;13;45;
2019999;PHYS300;3;13;45;
2016444;ENGL300;3;13;45;
2019999;PHYS300;3;13;45;
2016444;ENGL300;3;13;45;
2019999;PHYS300;3;13;45;
2016444;ENGL300;3;13;45;
2019999;PHYS300;3;13;45;
2016444;ENGL300;3;13;45;
2019999;PHYS300;3;13;45;
2016444;ENGL300;3;13;45;
2019999;PHYS300;3;13;45;
2016444;ENGL300;3;13;45;
2019999;PHYS300;3;13;45;
2016444;ENGL300;3;13;45;
2019999;PHYS300;3;13;45;
2016444;ENGL300;3;13;45;
2019999;PHYS300;3;13;45;
2016444;ENGL300;3;13;45;
2019999;PHYS300;3;13;45;
2016444;ENGL300;3;13;45;
2019999;PHYS300;3;13;45;
2016444;ENGL300;3;13;45;
2019999;PHYS300;3;13;45;
2016444;ENGL300;3;13;45;
2019999;PHYS300;3;13;45;
2016444;ENGL300;3;13;45;
2019999;PHYS300;3;13;45;
2016444;ENGL300;3;13;45;
2019999;PHYS300;3;13;45;
2016444;ENGL300;3;13;45;
2019999;PHYS300;3;13;45;
2016444;ENGL300;3;13;45;
2016202;PHYS123;1;21;43;
2018606;COE444;4;18;43;
2021777;CS151;1;20;43;
2022404;EE202;2;10;40;
2022000;ACCT202;2;11;40;
2023999;EE222;2;7;40;
2020888;ARAB202;2;7;40;
2016888;ENGL202;2;7;40;
2022000;ACCT222;2;10;40;
2021555;CS222;2;10;40;
2018888;MATH200;2;7;40;
2020888;ARAB222;2;7;40;
2016888;ENGL222;2;7;40;
2022000;ACCT200;2;10;40;
2023111;EE300;3;15;40;
2021555;CS200;2;10;40;
2017111;COE300;3;15;40;
2022666;ACCT300;3;15;40;
2018888;MATH200;2;7;40;
2018666;MATH300;3;15;40;
2020888;ARAB200;2;7;40;
2016888;ENGL200;2;7;40;
2022000;ACCT200;2;10;40;
2023111;EE300;3;15;40;
2021555;CS200;2;10;40;
2017111;COE300;3;15;40;
2022666;ACCT300;3;15;40;
2018888;MATH200;2;7;40;
2018666;MATH300;3;15;40;
2020888;ARAB200;2;7;40;
2016888;ENGL200;2;7;40;
2022000;ACCT200;2;10;40;
2023111;EE300;3;15;40;
2021555;CS200;2;10;40;
2017111;COE300;3;15;40;
2022666;ACCT300;3;15;40;
2018888;MATH200;2;7;40;
2018666;MATH300;3;15;40;
2020888;ARAB200;2;7;40;
2016888;ENGL200;2;7;40;
2022000;ACCT200;2;10;40;
2023111;EE300;3;15;40;
2021555;CS200;2;10;40;
2017111;COE300;3;15;40;
2022666;ACCT300;3;15;40;
2018888;MATH200;2;7;40;
2018666;MATH300;3;15;40;
2020888;ARAB200;2;7;40;
2016888;ENGL200;2;7;40;
2022000;ACCT200;2;10;40;
2023111;EE300;3;15;40;
2021555;CS200;2;10;40;
2017111;COE300;3;15;40;
2022666;ACCT300;3;15;40;
2018888;MATH200;2;7;40;
2018666;MATH300;3;15;40;
2020888;ARAB200;2;7;40;
2016888;ENGL200;2;7;40;
2022000;ACCT200;2;10;40;
2023111;EE300;3;15;40;
2021555;CS200;2;10;40;
2017111;COE300;3;15;40;
2022666;ACCT300;3;15;40;
2018888;MATH200;2;7;40;
2018666;MATH300;3;15;40;
2020888;ARAB200;2;7;40;
2016888;ENGL200;2;7;40;
2022000;ACCT200;2;10;40;
2023111;EE300;3;15;40;
2021555;CS200;2;10;40;
2017111;COE300;3;15;40;
2022666;ACCT300;3;15;40;
2018888;MATH200;2;7;40;
2018666;MATH300;3;15;40;
2020888;ARAB200;2;7;40;
2016888;ENGL200;2;7;40;
2022000;ACCT200;2;10;40;
2023111;EE300;3;15;40;
2021555;CS200;2;10;40;
2017111;COE300;3;15;40;
2022666;ACCT300;3;15;40;
2018888;MATH200;2;7;40;
2018666;MATH300;3;15;40;
2020888;ARAB200;2;7;40;
2016888;ENGL200;2;7;40;
2022000;ACCT200;2;10;40;
2023111;EE300;3;15;40;
2021555;CS200;2;10;40;
2017111;COE300;3;15;40;
2022666;ACCT300;3;15;40;
2018888;MATH200;2;7;40;
2018666;MATH300;3;15;40;
2020888;ARAB200;2;7;40;
2016888;ENGL200;2;7;40;
2022000;ACCT200;2;10;40;
2023111;EE300;3;15;40;
2021555;CS200;2;10;40;
2017111;COE300;3;15;40;
2022666;ACCT300;3;15;40;
2018888;MATH200;2;7;40;
2018666;MATH300;3;15;40;
2020888;ARAB200;2;7;40;
2016888;ENGL200;2;7;40;
2022000;ACCT200;2;10;40;
2023111;EE300;3;15;40;
2021555;CS200;2;10;40;
2017111;COE300;3;15;40;
2022666;ACCT300;3;15;40;
2018888;MATH200;2;7;40;
2018666;MATH300;3;15;40;
2020888;ARAB200;2;7;40;
2016888;ENGL200;2;7;40;
2022000;ACCT200;2;10;40;
2023111;EE300;3;15;40;
2021555;CS200;2;10;40;
2017111;COE300;3;15;40;
2022666;ACCT300;3;15;40;
2018888;MATH200;2;7;40;
2018666;MATH300;3;15;40;
2020888;ARAB200;2;7;40;
2016888;ENGL200;2;7;40;
2022000;ACCT200;2;10;40;
2023111;EE300;3;15;40;
2021555;CS200;2;10;40;
2017111;COE300;3;15;40;
2022666;ACCT300;3;15;40;
2018888;MATH200;2;7;40;
2018666;MATH300;3;15;40;
2020888;ARAB200;2;7;40;
2016888;ENGL200;2;7;40;
2022000;ACCT200;2;10;40;
2023111;EE300;3;15;40;
2021555;CS200;2;10;40;
2017111;COE300;3;15;40;
2022666;ACCT300;3;15;40;
2018888;MATH200;2;7;40;
2018666;MATH300;3;15;40;
2020888;ARAB200;2;7;40;
2016888;ENGL200;2;7;40;
2022000;ACCT200;2;10;40;
2023111;EE300;3;15;40;
2021555;CS200;2;10;40;
2017111;COE300;3;15;40;
2022666;ACCT300;3;15;40;
2018888;MATH200;2;7;40;
2018666;MATH300;3;15;40;
2020888;ARAB200;2;7;40;
2016888;ENGL200;2;7;40;
2022000;ACCT200;2;10;40;
2023111;EE300;3;15;40;
2021555;CS200;2;10;40;
2017111;COE300;3;15;40;
2022666;ACCT300;3;15;40;
2018888;MATH200;2;7;40;
2018666;MATH300;3;15;40;
2020888;ARAB200;2;7;40;
2016888;ENGL200;2;7;40;
2022000;ACCT200;2;10;40;
2023111;EE300;3;15;40;
2021555;CS200;2;10;40;
2017111;COE300;3;15;40;
2022666;ACCT300;3;15;40;
2018888;MATH200;2;7;40;
2018666;MATH300;3;15;40;
2020888;ARAB200;2;7;40;
2016888;ENGL200;2;7;40;
2022000;ACCT200;2;10;40;
2023111;EE300;3;15;40;
2021555;CS200;2;10;40;
2017111;COE300;3;15;40;
2022666;ACCT300;3;15;40;
2018888;MATH200;2;7;40;
2018666;MATH300;3;15;40;
2020888;ARAB200;2;7;40;
2016888;ENGL200;2;7;40;
2022000;ACCT200;2;10;40;
2023111;EE300;3;15;40;
2021555;CS200;2;10;40;
2017111;COE300;3;15;40;
2022666;ACCT300;3;15;40;
2018888;MATH200;2;7;40;
2018666;MATH300;3;15;40;
2020888;ARAB200;2;7;40;
2016888;ENGL200;2;7;40;
2022000;ACCT200;2;10;40;
2023111;EE300;3;15;40;
2021555;CS200;2;10;40;
2017111;COE300;3;15;40;
2022666;ACCT300;3;15;40;
2018888;MATH200;2;7;40;
2018666;MATH300;3;15;40;
2020888;ARAB200;2;7;40;
2016888;ENGL200;2;7;40;
2022000;ACCT200;2;10;40;
2023111;EE300;3;15;40;
2021555;CS200;2;10;40;
2017111;COE300;3;15;40;
2022666;ACCT300;3;15;40;
2018888;MATH200;2;7;40;
2018666;MATH300;3;15;40;
2020888;ARAB200;2;7;40;
2016888;ENGL200;2;7;40;
2022000;ACCT200;2;10;40;
2023111;EE300;3;15;40;
2021555;CS200;2;10;40;
2017111;COE300;3;15;40;
2022666;ACCT300;3;15;40;
2018888;MATH200;2;7;40;
2018666;MATH300;3;15;40;
2020888;ARAB200;2;7;40;
2016888;ENGL200;2;7;40;
2022000;ACCT200;2;10;40;
2023111;EE300;3;15;40;
2021555;CS200;2;10;40;
2017111;COE300;3;15;40;
2022666;ACCT300;3;15;40;
2018888;MATH200;2;7;40;
2018666;MATH300;3;15;40;
2020888;ARAB200;2;7;40;
2016888;ENGL200;2;7;40;
2022000;ACCT200;2;10;40;
2023111;EE300;3;15;40;
2021555;CS200;2;10;40;
2017111;COE300;3;15;40;
2022666;ACCT300;3;15;40;
2018888;MATH200;2;7;40;
2018666;MATH300;3;15;40;
2020888;ARAB200;2;7;40;
2016888;ENGL200;2;7;40;
2022000;ACCT200;2;10;40;
2023111;EE300;3;15;40;
2021555;CS200;2;10;40;
2017111;COE300;3;15;40;
2022666;ACCT300;3;15;40;
2018888;MATH200;2;7;40;
2018666;MATH300;3;15;40;
2020888;ARAB200;2;7;40;
2016888;ENGL200;2;7;40;
2022000;ACCT200;2;10;40;
2023111;EE300;3;15;40;
2021555;CS200;2;10;40;
2017111;COE300;3;15;40;
2022666;ACCT300;3;15;40;
2018888;MATH200;2;7;40;
2018666;MATH300;3;15;40;
2020888;ARAB200;2;7;40;
2016888;ENGL200;2;7;40;
2022000;ACCT200;2;10;40;
2023111;EE300;3;15;40;
2021555;CS200;2;10;40;
2017111;COE300;3;15;40;
2022666;ACCT300;3;15;40;
2018888;MATH200;2;7;40;
2018666;MATH300;3;15;40;
2020888;ARAB200;2;7;40;
2016888;ENGL200;2;7;40;
2022000;ACCT200;2;10;40;
2023111;EE300;3;15;40;
2021555;CS200;2;10;40;
2017111;COE300;3;15;40;
2022666;ACCT300;3;15;40;
2018888;MATH200;2;7;40;
2018666;MATH300;3;15;40;
2020888;ARAB200;2;7;40;
2016888;ENGL200;2;7;40;
2022000;ACCT200;2;10;40;
2023111;EE300;3;15;40;
2021555;CS200;2;10;40;
2017111;COE300;3;15;40;
2022666;ACCT300;3;15;40;
2018888;MATH200;2;7;40;
2018666;MATH300;3;15;40;
2020888;ARAB200;2;7;40;
2016888;ENGL200;2;7;40;
2022000;ACCT200;2;10;40;
2023111;EE300;3;15;40;
2021555;CS200;2;10;40;
2017111;COE300;3;15;40;
2022666;ACCT300;3;15;40;
2018888;MATH200;2;7;40;
2018666;MATH300;3;15;40;
2020888;ARAB200;2;7;40;
2016888;ENGL200;2;7;40;
2022000;ACCT200;2;10;40;
2023111;EE300;3;15;40;
2021555;CS200;2;10;40;
2017111;COE300;3;15;40;
2022666;ACCT300;3;15;40;
2018888;MATH200;2;7;40;
2018666;MATH300;3;15;40;
2020888;ARAB200;2;7;40;
2016888;ENGL200;2;7;40;
2022000;ACCT200;2;10;40;
2023111;EE300;3;15;40;
2021555;CS200;2;10;40;
2017111;COE300;3;15;40;
2022666;ACCT300;3;15;40;
2018888;MATH200;2;7;40;
2018666;MATH300;3;15;40;
2020888;ARAB200;2;7;40;
2016888;ENGL200;2;7;40;
2022000;ACCT200;2;10;40;
2023111;EE300;3;15;40;
2021555;CS200;2;10;40;
2017111;COE300;3;15;40;
2022666;ACCT300;3;15;40;
2018888;MATH200;2;7;40;
2018666;MATH300;3;15;40;
2020888;ARAB200;2;7;40;
2016888;ENGL200;2;7;40;
2022000;ACCT200;2;10;40;
2023111;EE300;3;15;40;
2021555;CS200;2;10;40;
2017111;COE300;3;15;40;
2022666;ACCT300;3;15;40;
2018888;MATH200;2;7;40;
2018666;MATH300;3;15;40;
2020888;ARAB200;2;7;40;
2016888;ENGL200;2;7;40;
2022000;ACCT200;2;10;40;
2023111;EE300;3;15;40;
2021555;CS200;2;10;40;
2017111;COE300;3;15;40;
2022666;ACCT300;3;15;40;
2018888;MATH200;2;7;40;
2018666;MATH300;3;15;40;
2020888;ARAB200;2;7;40;
2016888;ENGL200;2;7;40;
2022000;ACCT200;2;10;40;
2023111;EE300;3;15;40;
2021555;CS200;2;10;40;
2017111;COE300;3;15;40;
2022666;ACCT300;3;15;40;
2018888;MATH200;2;7;40;
2018666;MATH300;3;15;40;
2020888;ARAB200;2;7;40;
2016888;ENGL200;2;7;40;
2022000;ACCT200;2;10;40;
2023111;EE300;3;15;40;
2021555;CS200;2;10;40;
2017111;COE300;3;15;40;
2022666;ACCT300;3;15;40;
2018888;MATH200;2;7;40;
2018666;MATH300;3;15;40;
2020888;ARAB200;2;7;40;
2016888;ENGL200;2;7;40;
2022000;ACCT200;2;10;40;
2023111;EE300;3;15;40;
2021555;CS200;2;10;40;
2017111;COE300;3;15;40;
2022666;ACCT300;3;15;40;
2018888;MATH200;2;7;40;
2018666;MATH300;3;15;40;
2020888;ARAB200;2;7;40;
2016888;ENGL200;2;7;40;
2022000;ACCT200;2;10;40;
2023111;EE300;3;15;40;
2021555;CS200;2;10;40;
2017111;COE300;3;15;40;
2022666;ACCT300;3;15;40;
2018888;MATH200;2;7;40;
2018666;MATH300;3;15;40;
2020888;ARAB200;2;7;40;
2016888;ENGL200;2;7;40;
2022000;ACCT200;2;10;40;
2023111;EE300;3;15;40;
2021555;CS200;2;10;40;
2017111;COE300;3;15;40;
2022666;ACCT300;3;15;40;
2018888;MATH200;2;7;40;
2018666;MATH300;3;15;40;
2020888;ARAB200;2;7;40;
2016888;ENGL200;2;7;40;
2022000;ACCT200;2;10;40;
2023111;EE300;3;15;40;
2021555;CS200;2;10;40;
2017111;COE300;3;15;40;
2022666;ACCT300;3;15;40;
2018888;MATH200;2;7;40;
2018666;MATH300;3;15;40;
2020888;ARAB200;2;7;40;
2016888;ENGL200;2;7;40;
2022000;ACCT200;2;10;40;
2023111;EE300;3;15;40;
2021555;CS200;2;10;40;
2017111;COE300;3;15;40;
2022666;ACCT300;3;15;40;
2018888;MATH200;2;7;40;
2018666;MATH300;3;15;40;
2020888;ARAB200;2;7;40;
2016888;ENGL200;2;7;40;
2022000;ACCT200;2;10;40;
2023111;EE300;3;15;40;
2021555;CS200;2;10;40;
2017111;COE300;3;15;40;
2022666;ACCT300;3;15;40;
2018888;MATH200;2;7;40;
2018666;MATH300;3;15;40;
2020888;ARAB200;2;7;40;
2016888;ENGL200;2;7;40;
2022000;ACCT200;2;10;40;
2023111;EE300;3;15;40;
2021555;CS200;2;10;40;
2017111;COE300;3;15;40;
2022666;ACCT300;3;15;40;
2018888;MATH200;2;7;40;
2018666;MATH300;3;15;40;
2020888;ARAB200;2;7;40;
2016888;ENGL200;2;7;40;
2022000;ACCT200;2;10;40;
2023111;EE300;3;15;40;
2021555;CS200;2;10;40;
2017111;COE300;3;15;40;
2022666;ACCT300;3;15;40;
2018888;MATH200;2;7;40;
2018666;MATH300;3;15;40;
2020888;ARAB200;2;7;40;
2016888;ENGL200;2;7;40;
2022000;ACCT200;2;10;40;
2023111;EE300;3;15;40;
2021555;CS200;2;10;40;
2017111;COE300;3;15;40;
2022666;ACCT300;3;15;40;
2018888;MATH200;2;7;40;
2018666;MATH300;3;15;40;
2020888;ARAB200;2;7;40;
2016888;ENGL200;2;7;40;
2022000;ACCT200;2;10;40;
2023111;EE300;3;15;40;
2021555;CS200;2;10;40;
2017111;COE300;3;15;40;
2022666;ACCT300;3;15;40;
2018888;MATH200;2;7;40;
2018666;MATH300;3;15;40;
2020888;ARAB200;2;7;40;
2016888;ENGL200;2;7;40;
2022000;ACCT200;2;10;40;
2023111;EE300;3;15;40;
2021555;CS200;2;10;40;
2017111;COE300;3;15;40;
2022666;ACCT300;3;15;40;
2018888;MATH200;2;7;40;
2018666;MATH300;3;15;40;
2020888;ARAB200;2;7;40;
2016888;ENGL200;2;7;40;
2022000;ACCT200;2;10;40;
2023111;EE300;3;15;40;
2021555;CS200;2;10;40;
2017111;COE300;3;15;40;
2022666;ACCT300;3;15;40;
2018888;MATH200;2;7;40;
2018666;MATH300;3;15;40;
2020888;ARAB200;2;7;40;
2016888;ENGL200;2;7;40;
2022000;ACCT200;2;10;40;
2023111;EE300;3;15;40;
2021555;CS200;2;10;40;
2017111;COE300;3;15;40;
2022666;ACCT300;3;15;40;
2018888;MATH200;2;7;40;
2018666;MATH300;3;15;40;
2020888;ARAB200;2;7;40;
2016888;ENGL200;2;7;40;
2022000;ACCT200;2;10;40;
2023111;EE300;3;15;40;
2021555;CS200;2;10;40;
2017111;COE300;3;15;40;
2022666;ACCT300;3;15;40;
2018888;MATH200;2;7;40;
2018666;MATH300;3;15;40;
2020888;ARAB200;2;7;40;
2016888;ENGL200;2;7;40;
2022000;ACCT200;2;10;40;
2023111;EE300;3;15;40;
2021555;CS200;2;10;40;
2017111;COE300;3;15;40;
2022666;ACCT300;3;15;40;
2018888;MATH200;2;7;40;
2018666;MATH300;3;15;40;
2020888;ARAB200;2;7;40;
2016888;ENGL200;2;7;40;
2022000;ACCT200;2;10;40;
2023111;EE300;3;15;40;
2021555;CS200;2;10;40;
2017111;COE300;3;15;40;
2022666;ACCT300;3;15;40;
2018888;MATH200;2;7;40;
2018666;MATH300;3;15;40;
2020888;ARAB200;2;7;40;
2016888;ENGL200;2;7;40;
2022000;ACCT200;2;10;40;
2023111;EE300;3;15;40;
2021555;CS200;2;10;40;
2017111;COE300;3;15;40;
2022666;ACCT300;3;15;40;
2018888;MATH200;2;7;40;
2018666;MATH300;3;15;40;
2020888;ARAB200;2;7;40;
2016888;ENGL200;2;7;40;
2022000;ACCT200;2;10;40;
2023111;EE300;3;15;40;
2021555;CS200;2;10;40;
2017111;COE300;3;15;40;
2022666;ACCT300;3;15;40;
2018888;MATH200;2;7;40;
2018666;MATH300;3;15;40;
2020888;ARAB200;2;7;40;
2016888;ENGL200;2;7;40;
2022000;ACCT200;2;10;40;
2023111;EE300;3;15;40;
2021555;CS200;2;10;40;
2017111;COE300;3;15;40;
2022666;ACCT300;3;15;40;
2018888;MATH200;2;7;40;
2018666;MATH300;3;15;40;
2020888;ARAB200;2;7;40;
2016888;ENGL200;2;7;40;
2022000;ACCT200;2;10;40;
2023111;EE300;3;15;40;
2021555;CS200;2;10;40;
2017111;COE300;3;15;40;
2022666;ACCT300;3;15;40;
2018888;MATH200;2;7;40;
2018666;MATH300;3;15;40;
2020888;ARAB200;2;7;40;
2016888;ENGL200;2;7;40;
2022000;ACCT200;2;10;40;
2023111;EE300;3;15;40;
2021555;CS200;2;10;40;
2017111;COE300;3;15;40;
2022666;ACCT300;3;15;40;
2018888;MATH200;2;7;40;
2018666;MATH300;3;15;40;
2020888;ARAB200;2;7;40;
2016888;ENGL200;2;7;40;
2022000;ACCT200;2;10;40;
2023111;EE300;3;15;40;
2021555;CS200;2;10;40;
2017111;COE300;3;15;40;
2022666;ACCT300;3;15;40;
2018888;MATH200;2;7;40;
2018666;MATH300;3;15;40;
2020888;ARAB200;2;7;40;
2016888;ENGL200;2;7;40;
2022000;ACCT200;2;10;40;
2023111;EE300;3;15;40;
2021555;CS200;2;10;40;
2017111;COE300;3;15;40;
2022666;ACCT300;3;15;40;
2018888;MATH200;2;7;40;
2018666;MATH300;3;15;40;
2020888;ARAB200;2;7;40;
2016888;ENGL200;2;7;40;
2022000;ACCT200;2;10;40;
2023111;EE300;3;15;40;
2021555;CS200;2;10;40;
2017111;COE300;3;15;40;
2022666;ACCT300;3;15;40;
2018888;MATH200;2;7;40;
2018666;MATH300;3;15;40;
2020888;ARAB200;2;7;40;
2016888;ENGL200;2;7;40;
2022000;ACCT200;2;10;40;
2023111;EE300;3;15;40;
2021555;CS200;2;10;40;
2017111;COE300;3;15;40;
2022666;ACCT300;3;15;40;
2018888;MATH200;2;7;40;
2018666;MATH300;3;15;40;
2020888;ARAB200;2;7;40;
2016888;ENGL200;2;7;40;
2022000;ACCT200;2;10;40;
2023111;EE300;3;15;40;
2021555;CS200;2;10;40;
2017111;COE300;3;15;40;
2022666;ACCT300;3;15;40;
2018888;MATH200;2;7;40;
2018666;MATH300;3;15;40;
2020888;ARAB200;2;7;40;
2016888;ENGL200;2;7;40;
2022000;ACCT200;2;10;40;
2023111;EE300;3;15;40;
2021555;CS200;2;10;40;
2017111;COE300;3;15;40;
2022666;ACCT300;3;15;40;
2018888;MATH200;2;7;40;
2018666;MATH300;3;15;40;
2020888;ARAB200;2;7;40;
2016888;ENGL200;2;7;40;
2022000;ACCT200;2;10;40;
2023111;EE300;3;15;40;
2021555;CS200;2;10;40;
2017111;COE300;3;15;40;
2022666;ACCT300;3;15;40;
2018888;MATH200;2;7;40;
2018666;MATH300;3;15;40;
2020888;ARAB200;2;7;40;
2016888;ENGL200;2;7;40;
2022000;ACCT200;2;10;40;
2023111;EE300;3;15;40;
2021555;CS200;2;10;40;
2017111;COE300;3;15;40;
2022666;ACCT300;3;15;40;
2018888;MATH200;2;7;40;
2018666;MATH300;3;15;40;
2020888;ARAB200;2;7;40;
2016888;ENGL200;2;7;40;
2022000;ACCT200;2;10;40;
2023111;EE300;3;15;40;
2021555;CS200;2;10;40;
2017111;COE300;3;15;40;
2022666;ACCT300;3;15;40;
2018888;MATH200;2;7;40;
2018666;MATH300;3;15;40;
2020888;ARAB200;2;7;40;
2016888;ENGL200;2;7;40;
2022000;ACCT200;2;10;40;
2023111;EE300;3;15;40;
2021555;CS200;2;10;40;
2017111;COE300;3;15;40;
2022666;ACCT300;3;15;40;
2018888;MATH200;2;7;40;
2018666;MATH300;3;15;40;
2020888;ARAB200;2;7;40;
2016888;ENGL200;2;7;40;
2022000;ACCT200;2;10;40;
2023111;EE300;3;15;40;
2021555;CS200;2;10;40;
2017111;COE300;3;15;40;
2022666;ACCT300;3;15;40;
2018888;MATH200;2;7;40;
2018666;MATH300;3;15;40;
2020888;ARAB200;2;7;40;
2016888;ENGL200;2;7;40;
2022000;ACCT200;2;10;40;
2023111;EE300;3;15;40;
2021555;CS200;2;10;40;
2017111;COE300;3;15;40;
2022666;ACCT300;3;15;40;
2018888;MATH200;2;7;40;
2018666;MATH300;3;15;40;
2020888;ARAB200;2;7;40;
2016888;ENGL200;2;7;40;
2022000;ACCT200;2;10;40;
2023111;EE300;3;15;40;
2021555;CS200;2;10;40;
2017111;COE300;3;15;40;
2022666;ACCT300;3;15;40;
2018888;MATH200;2;7;40;
2018666;MATH300;3;15;40;
2020888;ARAB200;2;7;40;
2016888;ENGL200;2;7;40;
2022000;ACCT200;2;10;40;
2023111;EE300;3;15;40;
2021555;CS200;2;10;40;
2017111;COE300;3;15;40;
2022666;ACCT300;3;15;40;
2018888;MATH200;2;7;40;
2018666;MATH300;3;15;40;
2020888;ARAB200;2;7;40;
2016888;ENGL200;2;7;40;
2022000;ACCT200;2;10;40;
2023111;EE300;3;15;40;
2021555;CS200;2;10;40;
2017111;COE300;3;15;40;
2022666;ACCT300;3;15;40;
2018888;MATH200;2;7;40;
2018666;MATH300;3;15;40;
2020888;ARAB200;2;7;40;
2016888;ENGL200;2;7;40;
2022000;ACCT200;2;10;40;
2023111;EE300;3;15;40;
2021555;CS200;2;10;40;
2017111;COE300;3;15;40;
2022666;ACCT300;3;15;40;
2018888;MATH200;2;7;40;
2018666;MATH300;3;15;40;
2020888;ARAB200;2;7;40;
2016888;ENGL200;2;7;40;
2022000;ACCT200;2;10;40;
2023111;EE300;3;15;40;
2021555;CS200;2;10;40;
2017111;COE300;3;15;40;
2022666;ACCT300;3;15;40;
2018888;MATH200;2;7;40;
2018666;MATH300;3;15;40;
2020888;ARAB200;2;7;40;
2016888;ENGL200;2;7;40;
2022000;ACCT200;2;10;40;
2023111;EE300;3;15;40;
2021555;CS200;2;10;40;
2017111;COE300;3;15;40;
2022666;ACCT300;3;15;40;
2018888;MATH200;2;7;40;
2018666;MATH300;3;15;40;
2020888;ARAB200;2;7;40;
2016888;ENGL200;2;7;40;
2022000;ACCT200;2;10;40;
2023111;EE300;3;15;40;
2021555;CS200;2;10;40;
2017111;COE300;3;15;40;
2022666;ACCT300;3;15;40;
2018888;MATH200;2;7;40;
2018666;MATH300;3;15;40;
2020888;ARAB200;2;7;40;
2016888;ENGL200;2;7;40;
2022000;ACCT200;2;10;40;
2023111;EE300;3;15;40;
2021555;CS200;2;10;40;
2017111;COE300;3;15;40;
2022666;ACCT300;3;15;40;
2018888;MATH200;2;7;40;
2018666;MATH300;3;15;40;
2020888;ARAB200;2;7;40;
2016888;ENGL200;2;7;40;
2022000;ACCT200;2;10;40;
2023111;EE300;3;15;40;
2021555;CS200;2;10;40;
2017111;COE300;3;15;40;
2022666;ACCT300;3;15;40;
2018888;MATH200;2;7;40;
2018666;MATH300;3;15;40;
2020888;ARAB200;2;7;40;
2016888;ENGL200;2;7;40;
2022000;ACCT200;2;10;40;
2023111;EE300;3;15;40;
2021555;CS200;2;10;40;
2017111;COE300;3;15;40;
2022666;ACCT300;3;15;40;
2018888;MATH200;2;7;40;
2018666;MATH300;3;15;40;
2020888;ARAB200;2;7;40;
2016888;ENGL200;2;7;40;
2022000;ACCT200;2;10;40;
2023111;EE300;3;15;40;
2021555;CS200;2;10;40;
2017111;COE300;3;15;40;
2022666;ACCT300;3;15;40;
2018888;MATH200;2;7;40;
2018666;MATH300;3;15;40;
2020888;ARAB200;2;7;40;
2016888;ENGL200;2;7;40;
2022000;ACCT200;2;10;40;
2023111;EE300;3;15;40;
2021555;CS200;2;10;40;
2017111;COE300;3;15;40;
2022666;ACCT300;3;15;40;
2018888;MATH200;2;7;40;
2018666;MATH300;3;15;40;
2020888;ARAB200;2;7;40;
2016888;ENGL200;2;7;40;
2022000;ACCT200;2;10;40;
2023111;EE300;3;15;40;
2021555;CS200;2;10;40;
2017111;COE300;3;15;40;
2022666;ACCT300;3;15;40;
2018888;MATH200;2;7;40;
2018666;MATH300;3;15;40;
2020888;ARAB200;2;7;40;
2016777;ARAB100;1;9;38;
2021333;CS404;4;20;38;
2017999;COE102;1;9;38;
2022222;ACCT404;4;20;38;
2018222;MATH444;4;20;38;
2023777;EE444;4;20;38;
2016222;ENGL444;4;20;38;
2022222;ACCT400;4;20;38;
2018222;MATH400;4;20;38;
2019777;PHYS400;4;20;38;
2023777;EE400;4;20;38;
2016222;ENGL400;4;20;38;
2022222;ACCT400;4;20;38;
2018222;MATH400;4;20;38;
2019777;PHYS400;4;20;38;
2023777;EE400;4;20;38;
2016222;ENGL400;4;20;38;
2022222;ACCT400;4;20;38;
2018222;MATH400;4;20;38;
2019777;PHYS400;4;20;38;
2023777;EE400;4;20;38;
2016222;ENGL400;4;20;38;
2022222;ACCT400;4;20;38;
2018222;MATH400;4;20;38;
2019777;PHYS400;4;20;38;
2023777;EE400;4;20;38;
2016222;ENGL400;4;20;38;
2022222;ACCT400;4;20;38;
2018222;MATH400;4;20;38;
2019777;PHYS400;4;20;38;
2023777;EE400;4;20;38;
2016222;ENGL400;4;20;38;
2022222;ACCT400;4;20;38;
2018222;MATH400;4;20;38;
2019777;PHYS400;4;20;38;
2023777;EE400;4;20;38;
2016222;ENGL400;4;20;38;
2022222;ACCT400;4;20;38;
2018222;MATH400;4;20;38;
2019777;PHYS400;4;20;38;
2023777;EE400;4;20;38;
2016222;ENGL400;4;20;38;
2022222;ACCT400;4;20;38;
2018222;MATH400;4;20;38;
2019777;PHYS400;4;20;38;
2023777;EE400;4;20;38;
2016222;ENGL400;4;20;38;
2022222;ACCT400;4;20;38;
2018222;MATH400;4;20;38;
2019777;PHYS400;4;20;38;
2023777;EE400;4;20;38;
2016222;ENGL400;4;20;38;
2022222;ACCT400;4;20;38;
2018222;MATH400;4;20;38;
2019777;PHYS400;4;20;38;
2023777;EE400;4;20;38;
2016222;ENGL400;4;20;38;
2022222;ACCT400;4;20;38;
2018222;MATH400;4;20;38;
2019777;PHYS400;4;20;38;
2023777;EE400;4;20;38;
2016222;ENGL400;4;20;38;
2022222;ACCT400;4;20;38;
2018222;MATH400;4;20;38;
2019777;PHYS400;4;20;38;
2023777;EE400;4;20;38;
2016222;ENGL400;4;20;38;
2022222;ACCT400;4;20;38;
2018222;MATH400;4;20;38;
2019777;PHYS400;4;20;38;
2023777;EE400;4;20;38;
2016222;ENGL400;4;20;38;
2022222;ACCT400;4;20;38;
2018222;MATH400;4;20;38;
2019777;PHYS400;4;20;38;
2023777;EE400;4;20;38;
2016222;ENGL400;4;20;38;
2022222;ACCT400;4;20;38;
2018222;MATH400;4;20;38;
2019777;PHYS400;4;20;38;
2023777;EE400;4;20;38;
2016222;ENGL400;4;20;38;
2022222;ACCT400;4;20;38;
2018222;MATH400;4;20;38;
2019777;PHYS400;4;20;38;
2023777;EE400;4;20;38;
2016222;ENGL400;4;20;38;
2022222;ACCT400;4;20;38;
2018222;MATH400;4;20;38;
2019777;PHYS400;4;20;38;
2023777;EE400;4;20;38;
2016222;ENGL400;4;20;38;
2022222;ACCT400;4;20;38;
2018222;MATH400;4;20;38;
2019777;PHYS400;4;20;38;
2023777;EE400;4;20;38;
2016222;ENGL400;4;20;38;
2022222;ACCT400;4;20;38;
2018222;MATH400;4;20;38;
2019777;PHYS400;4;20;38;
2023777;EE400;4;20;38;
2016222;ENGL400;4;20;38;
2022222;ACCT400;4;20;38;
2018222;MATH400;4;20;38;
2019777;PHYS400;4;20;38;
2023777;EE400;4;20;38;
2016222;ENGL400;4;20;38;
2022222;ACCT400;4;20;38;
2018222;MATH400;4;20;38;
2019777;PHYS400;4;20;38;
2023777;EE400;4;20;38;
2016222;ENGL400;4;20;38;
2022222;ACCT400;4;20;38;
2018222;MATH400;4;20;38;
2019777;PHYS400;4;20;38;
2023777;EE400;4;20;38;
2016222;ENGL400;4;20;38;
2022222;ACCT400;4;20;38;
2018222;MATH400;4;20;38;
2019777;PHYS400;4;20;38;
2023777;EE400;4;20;38;
2016222;ENGL400;4;20;38;
2022222;ACCT400;4;20;38;
2018222;MATH400;4;20;38;
2019777;PHYS400;4;20;38;
2023777;EE400;4;20;38;
2016222;ENGL400;4;20;38;
2022222;ACCT400;4;20;38;
2018222;MATH400;4;20;38;
2019777;PHYS400;4;20;38;
2023777;EE400;4;20;38;
2016222;ENGL400;4;20;38;
2022222;ACCT400;4;20;38;
2018222;MATH400;4;20;38;
2019777;PHYS400;4;20;38;
2023777;EE400;4;20;38;
2016222;ENGL400;4;20;38;
2022222;ACCT400;4;20;38;
2018222;MATH400;4;20;38;
2019777;PHYS400;4;20;38;
2023777;EE400;4;20;38;
2016222;ENGL400;4;20;38;
2022222;ACCT400;4;20;38;
2018222;MATH400;4;20;38;
2019777;PHYS400;4;20;38;
2023777;EE400;4;20;38;
2016222;ENGL400;4;20;38;
2022222;ACCT400;4;20;38;
2018222;MATH400;4;20;38;
2019777;PHYS400;4;20;38;
2023777;EE400;4;20;38;
2016222;ENGL400;4;20;38;
2022222;ACCT400;4;20;38;
2018222;MATH400;4;20;38;
2019777;PHYS400;4;20;38;
2023777;EE400;4;20;38;
2016222;ENGL400;4;20;38;
2022222;ACCT400;4;20;38;
2018222;MATH400;4;20;38;
2019777;PHYS400;4;20;38;
2023777;EE400;4;20;38;
2016222;ENGL400;4;20;38;
2022222;ACCT400;4;20;38;
2018222;MATH400;4;20;38;
2019777;PHYS400;4;20;38;
2023777;EE400;4;20;38;
2016222;ENGL400;4;20;38;
2022222;ACCT400;4;20;38;
2018222;MATH400;4;20;38;
2019777;PHYS400;4;20;38;
2023777;EE400;4;20;38;
2016222;ENGL400;4;20;38;
2022222;ACCT400;4;20;38;
2018222;MATH400;4;20;38;
2019777;PHYS400;4;20;38;
2023777;EE400;4;20;38;
2016222;ENGL400;4;20;38;
2022222;ACCT400;4;20;38;
2018222;MATH400;4;20;38;
2019777;PHYS400;4;20;38;
2023777;EE400;4;20;38;
2016222;ENGL400;4;20;38;
2022222;ACCT400;4;20;38;
2018222;MATH400;4;20;38;
2019777;PHYS400;4;20;38;
2023777;EE400;4;20;38;
2016222;ENGL400;4;20;38;
2022222;ACCT400;4;20;38;
2018222;MATH400;4;20;38;
2019777;PHYS400;4;20;38;
2023777;EE400;4;20;38;
2016222;ENGL400;4;20;38;
2022222;ACCT400;4;20;38;
2018222;MATH400;4;20;38;
2019777;PHYS400;4;20;38;
2023777;EE400;4;20;38;
2016222;ENGL400;4;20;38;
2022222;ACCT400;4;20;38;
2018222;MATH400;4;20;38;
2019777;PHYS400;4;20;38;
2023777;EE400;4;20;38;
2016222;ENGL400;4;20;38;
2022222;ACCT400;4;20;38;
2018222;MATH400;4;20;38;
2019777;PHYS400;4;20;38;
2023777;EE400;4;20;38;
2016222;ENGL400;4;20;38;
2022222;ACCT400;4;20;38;
2018222;MATH400;4;20;38;
2019777;PHYS400;4;20;38;
2023777;EE400;4;20;38;
2016222;ENGL400;4;20;38;
2022222;ACCT400;4;20;38;
2018222;MATH400;4;20;38;
2019777;PHYS400;4;20;38;
2023777;EE400;4;20;38;
2016222;ENGL400;4;20;38;
22222;ACCT400;4;20;38;
2018222;MATH400;4;20;38;
2019777;PHYS400;4;20;38;
23777;EE400;4;20;38;
2016222;ENGL400;4;20;38;
22222;ACCT400;4;20;38;
2018222;MATH400;4;20;38;
2019777;PHYS400;4;20;38;
23777;EE400;4;20;38;
2016222;ENGL400;4;20;38;
22222;ACCT400;4;20;38;
2018222;MATH400;4;20;38;
2019777;PHYS400;4;20;38;
23777;EE400;4;20;38;
2016222;ENGL400;4;20;38;
22222;ACCT400;4;20;38;
2018222;MATH400;4;20;38;
2019777;PHYS400;4;20;38;
23777;EE400;4;20;38;
2016222;ENGL400;4;20;38;
22222;ACCT400;4;20;38;
2018222;MATH400;4;20;38;
2019777;PHYS400;4;20;38;
23777;EE400;4;20;38;
2016222;ENGL400;4;20;38;
22222;ACCT400;4;20;38;
2018222;MATH400;4;20;38;
2019777;PHYS400;4;20;38;
23777;EE400;4;20;38;
2016222;ENGL400;4;20;38;
22222;ACCT400;4;20;38;
2018222;MATH400;4;20;38;
2019777;PHYS400;4;20;38;
23777;EE400;4;20;38;
2016222;ENGL400;4;20;38;
22222;ACCT400;4;20;38;
2018222;MATH400;4;20;38;
2019777;PHYS400;4;20;38;
23777;EE400;4;20;38;
2016222;ENGL400;4;20;38;
22222;ACCT400;4;20;38;
2018222;MATH400;4;20;38;
2019777;PHYS400;4;20;38;
23777;EE400;4;20;38;
2016222;ENGL400;4;20;38;
22222;ACCT400;4;20;38;
2018222;MATH400;4;20;38;
2019777;PHYS400;4;20;38;
23777;EE400;4;20;38;
2016222;ENGL400;4;20;38;
22222;ACCT400;4;20;38;
2018222;MATH400;4;20;38;
2019777;PHYS400;4;20;38;
23777;EE400;4;20;38;
2016222;ENGL400;4;20;38;
22222;ACCT400;4;20;38;
2018222;MATH400;4;20;38;
2019777;PHYS400;4;20;38;
23777;EE400;4;20;38;
2016222;ENGL400;4;20;38;
22222;ACCT400;4;20;38;
2018222;MATH400;4;20;38;
2019777;PHYS400;4;20;38;
23777;EE400;4;20;38;
2016222;ENGL400;4;20;38;
22222;ACCT400;4;20;38;
2018222;MATH400;4;20;38;
2019777;PHYS400;4;20;38;
23777;EE400;4;20;38;
2016222;ENGL400;4;20;38;
22222;ACCT400;4;20;38;
2018222;MATH400;4;20;38;
2019777;PHYS400;4;20;38;
23777;EE400;4;20;38;
2016222;ENGL400;4;20;38;
22222;ACCT400;4;20;38;
2018222;MATH400;4;20;38;
2019777;PHYS400;4;20;38;
23777;EE400;4;20;38;
2016222;ENGL400;4;20;38;
22222;ACCT400;4;20;38;
2018222;MATH400;4;20;38;
2019777;PHYS400;4;20;38;
23777;EE400;4;20;38;
2016222;ENGL400;4;20;38;
22222;ACCT400;4;20;38;
2018222;MATH400;4;20;38;
2019777;PHYS400;4;20;38;
23777;EE400;4;20;38;
2016222;ENGL400;4;20;38;
22222;ACCT400;4;20;38;
2018222;MATH400;4;20;38;
2019777;PHYS400;4;20;38;
23777;EE400;4;20;38;
2016222;ENGL400;4;20;38;
22222;ACCT400;4;20;38;
2018222;MATH400;4;20;38;
2019777;PHYS400;4;20;38;
23777;EE400;4;20;38;
2016222;ENGL400;4;20;38;
22222;ACCT400;4;20;38;
2018222;MATH400;4;20;38;
2019777;PHYS400;4;20;38;
23777;EE400;4;20;38;
2016222;ENGL400;4;20;38;
22222;ACCT400;4;20;38;
2018222;MATH400;4;20;38;
2019777;PHYS400;4;20;38;
23777;EE400;4;20;38;
2016222;ENGL400;4;20;38;
22222;ACCT400;4;20;38;
2018222;MATH400;4;20;38;
2019777;PHYS400;4;20;38;
23777;EE400;4;20;38;
2016222;ENGL400;4;20;38;
22222;ACCT400;4;20;38;
2018222;MATH400;4;20;38;
2019777;PHYS400;4;20;38;
23777;EE400;4;20;38;
2016222;ENGL400;4;20;38;
22222;ACCT400;4;20;38;
2018222;MATH400;4;20;38;
2019777;PHYS400;4;20;38;
23777;EE400;4;20;38;
2016222;ENGL400;4;20;38;
22222;ACCT400;4;20;38;
2018222;MATH400;4;20;38;
2019777;PHYS400;4;20;38;
23777;EE400;4;20;38;
2016222;ENGL400;4;20;38;
22222;ACCT400;4;20;38;
2018222;MATH400;4;20;38;
2019777;PHYS400;4;20;38;
23777;EE400;4;20;38;
2016222;ENGL400;4;20;38;
22222;ACCT400;4;20;38;
2018222;MATH400;4;20;38;
2019777;PHYS400;4;20;38;
23777;EE400;4;20;38;
2016222;ENGL400;4;20;38;
22222;ACCT400;4;20;38;
2018222;MATH400;4;20;38;
2019777;PHYS400;4;20;38;
23777;EE400;4;20;38;
2016222;ENGL400;4;20;38;
22222;ACCT400;4;20;38;
2018222;MATH400;4;20;38;
2019777;PHYS400;4;20;38;
23777;EE400;4;20;38;
2016222;ENGL400;4;20;38;
22222;ACCT400;4;20;38;
2018222;MATH400;4;20;38;
2019777;PHYS400;4;20;38;
23777;EE400;4;20;38;
2016222;ENGL400;4;20;38;
22222;ACCT400;4;20;38;
2018222;MATH400;4;20;38;
2019777;PHYS400;4;20;38;
23777;EE400;4;20;38;
2016222;ENGL400;4;20;38;
22222;ACCT400;4;20;38;
2018222;MATH400;4;20;38;
2019777;PHYS400;4;20;38;
23777;EE400;4;20;38;
2016222;ENGL400;4;20;38;
22222;ACCT400;4;20;38;
2018222;MATH400;4;20;38;
2019777;PHYS400;4;20;38;
23777;EE400;4;20;38;
2016222;ENGL400;4;20;38;
22222;ACCT400;4;20;38;
2018222;MATH400;4;20;38;
2019777;PHYS400;4;20;38;
23777;EE400;4;20;38;
2016222;ENGL400;4;20;38;
22222;ACCT400;4;20;38;
2018222;MATH400;4;20;38;
2019777;PHYS400;4;20;38;
23777;EE400;4;20;38;
2016222;ENGL400;4;20;38;
22222;ACCT400;4;20;38;
2018222;MATH400;4;20;38;
2019777;PHYS400;4;20;38;
23777;EE400;4;20;38;
2016222;ENGL400;4;20;38;
22222;ACCT400;4;20;38;
2018222;MATH400;4;20;38;
2019777;PHYS400;4;20;38;
23777;EE400;4;20;38;
2016222;ENGL400;4;20;38;
22222;ACCT400;4;20;38;
2018222;MATH400;4;20;38;
2019777;PHYS400;4;20;38;
23777;EE400;4;20;38;
2016222;ENGL400;4;20;38;
22222;ACCT400;4;20;38;
2018222;MATH400;4;20;38;
2019777;PHYS400;4;20;38;
23777;EE400;4;20;38;
2016222;ENGL400;4;20;38;
22222;ACCT400;4;20;38;
2018222;MATH400;4;20;38;
2019777;PHYS400;4;20;38;
23777;EE400;4;20;38;
2016222;ENGL400;4;20;38;
22222;ACCT400;4;20;38;
2019901;PHYS458;2;12;35;
2023999;EE200;2;13;35;
2023999;EE202;2;13;35;
2023999;EE200;2;13;35;
2023999;EE200;2;13;35;
2023999;EE200;2;13;35;
2023999;EE200;2;13;35;
2023999;EE200;2;13;35;
2023999;EE200;2;13;35;
2023999;EE200;2;13;35;
2023999;EE200;2;13;35;
2023999;EE200;2;13;35;
2023999;EE200;2;13;35;
2023999;EE200;2;13;35;
2023999;EE200;2;13;35;
2023999;EE200;2;13;35;
2023999;EE200;2;13;35;
2023999;EE200;2;13;35;
2023999;EE200;2;13;35;
2023999;EE200;2;13;35;
2023999;EE200;2;13;35;
2023999;EE200;2;13;35;
2023999;EE200;2;13;35;
2023999;EE200;2;13;35;
2023999;EE200;2;13;35;
2023999;EE200;2;13;35;
2023999;EE200;2;13;35;
2023999;EE200;2;13;35;
2023999;EE200;2;13;35;
2023999;EE200;2;13;35;
2023999;EE200;2;13;35;
2023999;EE200;2;13;35;
2023999;EE200;2;13;35;
2023999;EE200;2;13;35;
2023999;EE200;2;13;35;
2023999;EE200;2;13;35;
2023999;EE200;2;13;35;
2023999;EE200;2;13;35;
2023999;EE200;2;13;35;
2023999;EE200;2;13;35;
2023999;EE200;2;13;35;
2023999;EE200;2;13;35;
2023999;EE200;2;13;35;
2023999;EE200;2;13;35;
2023999;EE200;2;13;35;
2023999;EE200;2;13;35;
2023999;EE200;2;13;35;
2023999;EE200;2;13;35;
2023999;EE200;2;13;35;
2023999;EE200;2;13;35;
2023999;EE200;2;13;35;
2023999;EE200;2;13;35;
2023999;EE200;2;13;35;
2023999;EE200;2;13;35;
2023999;EE200;2;13;35;
2023999;EE200;2;13;35;
2023999;EE200;2;13;35;
2023999;EE200;2;13;35;
2023999;EE200;2;13;35;
2023999;EE200;2;13;35;
2023999;EE200;2;13;35;
2023999;EE200;2;13;35;
2023999;EE200;2;13;35;
2023999;EE200;2;13;35;
2023999;EE200;2;13;35;
2023999;EE200;2;13;35;
2023999;EE200;2;13;35;
2023999;EE200;2;13;35;
2023999;EE200;2;13;35;
2023999;EE200;2;13;35;
2023999;EE200;2;13;35;
2023999;EE200;2;13;35;
2023999;EE200;2;13;35;
2023999;EE200;2;13;35;
2023999;EE200;2;13;35;
2023999;EE200;2;13;35;
2023999;EE200;2;13;35;
2023999;EE200;2;13;35;
2023999;EE200;2;13;35;
2023999;EE200;2;13;35;
2023999;EE200;2;13;35;
2023999;EE200;2;13;35;
2023999;EE200;2;13;35;
2023999;EE200;2;13;35;
2023999;EE200;2;13;35;
2022888;ACCT102;1;7;33;
2019555;PHYS102;1;10;33;
2023555;EE102;1;10;33;
2017333;COE102;1;7;33;
2022888;ACCT100;1;7;33;
2019555;PHYS100;1;10;33;
2017333;COE100;1;7;33;
2022888;ACCT100;1;7;33;
2019555;PHYS100;1;10;33;
2017333;COE100;1;7;33;
2022888;ACCT100;1;7;33;
2019555;PHYS100;1;10;33;
2017333;COE100;1;7;33;
2022888;ACCT100;1;7;33;
2019555;PHYS100;1;10;33;
2017333;COE100;1;7;33;
2022888;ACCT100;1;7;33;
2019555;PHYS100;1;10;33;
2017333;COE100;1;7;33;
2022888;ACCT100;1;7;33;
2019555;PHYS100;1;10;33;
2017333;COE100;1;7;33;
2022888;ACCT100;1;7;33;
2019555;PHYS100;1;10;33;
2017333;COE100;1;7;33;
2022888;ACCT100;1;7;33;
2019555;PHYS100;1;10;33;
2017333;COE100;1;7;33;
2022888;ACCT100;1;7;33;
2019555;PHYS100;1;10;33;
2017333;COE100;1;7;33;
2022888;ACCT100;1;7;33;
2019555;PHYS100;1;10;33;
2017333;COE100;1;7;33;
2022888;ACCT100;1;7;33;
2019555;PHYS100;1;10;33;
2017333;COE100;1;7;33;
2022888;ACCT100;1;7;33;
2019555;PHYS100;1;10;33;
2017333;COE100;1;7;33;
2022888;ACCT100;1;7;33;
2019555;PHYS100;1;10;33;
2017333;COE100;1;7;33;
2022888;ACCT100;1;7;33;
2019555;PHYS100;1;10;33;
2017333;COE100;1;7;33;
2022888;ACCT100;1;7;33;
2019555;PHYS100;1;10;33;
2017333;COE100;1;7;33;
2022888;ACCT100;1;7;33;
2019555;PHYS100;1;10;33;
2017333;COE100;1;7;33;
2022888;ACCT100;1;7;33;
2019555;PHYS100;1;10;33;
2017333;COE100;1;7;33;
2022888;ACCT100;1;7;33;
2019555;PHYS100;1;10;33;
2017333;COE100;1;7;33;
2022888;ACCT100;1;7;33;
2019555;PHYS100;1;10;33;
2017333;COE100;1;7;33;
2022888;ACCT100;1;7;33;
2019555;PHYS100;1;10;33;
2017333;COE100;1;7;33;
2022888;ACCT100;1;7;33;
2019555;PHYS100;1;10;33;
2017333;COE100;1;7;33;
2022888;ACCT100;1;7;33;
2019555;PHYS100;1;10;33;
2017333;COE100;1;7;33;
2022888;ACCT100;1;7;33;
2019555;PHYS100;1;10;33;
2017333;COE100;1;7;33;
2022888;ACCT100;1;7;33;
2019555;PHYS100;1;10;33;
2017333;COE100;1;7;33;
2022888;ACCT100;1;7;33;
2019555;PHYS100;1;10;33;
2017333;COE100;1;7;33;
2022888;ACCT100;1;7;33;
2019555;PHYS100;1;10;33;
2017333;COE100;1;7;33;
2022888;ACCT100;1;7;33;
2019555;PHYS100;1;10;33;
2017333;COE100;1;7;33;
2022888;ACCT100;1;7;33;
2019555;PHYS100;1;10;33;
2017333;COE100;1;7;33;
2022888;ACCT100;1;7;33;
2019555;PHYS100;1;10;33;
2017333;COE100;1;7;33;
2022888;ACCT100;1;7;33;
2019555;PHYS100;1;10;33;
2017333;COE100;1;7;33;
2022888;ACCT100;1;7;33;
2019555;PHYS100;1;10;33;
2017333;COE100;1;7;33;
2022888;ACCT100;1;7;33;
2019555;PHYS100;1;10;33;
2017333;COE100;1;7;33;
2022888;ACCT100;1;7;33;
2019555;PHYS100;1;10;33;
2017333;COE100;1;7;33;
2022888;ACCT100;1;7;33;
2019555;PHYS100;1;10;33;
2017333;COE100;1;7;33;
2022888;ACCT100;1;7;33;
2019555;PHYS100;1;10;33;
2017333;COE100;1;7;33;
2022888;ACCT100;1;7;33;
2019555;PHYS100;1;10;33;
2017333;COE100;1;7;33;
2022888;ACCT100;1;7;33;
2019555;PHYS100;1;10;33;
2017333;COE100;1;7;33;
22888;ACCT100;1;7;33;
2019555;PHYS100;1;10;33;
2017333;COE100;1;7;33;
22888;ACCT100;1;7;33;
2019555;PHYS100;1;10;33;
2017333;COE100;1;7;33;
22888;ACCT100;1;7;33;
2019555;PHYS100;1;10;33;
2017333;COE100;1;7;33;
22888;ACCT100;1;7;33;
2019555;PHYS100;1;10;33;
2017333;COE100;1;7;33;
22888;ACCT100;1;7;33;
2019555;PHYS100;1;10;33;
2017333;COE100;1;7;33;
22888;ACCT100;1;7;33;
2019555;PHYS100;1;10;33;
2017333;COE100;1;7;33;
22888;ACCT100;1;7;33;
2019555;PHYS100;1;10;33;
2017333;COE100;1;7;33;
22888;ACCT100;1;7;33;
2019555;PHYS100;1;10;33;
2017333;COE100;1;7;33;
22888;ACCT100;1;7;33;
2019555;PHYS100;1;10;33;
2017333;COE100;1;7;33;
22888;ACCT100;1;7;33;
2019555;PHYS100;1;10;33;
2017333;COE100;1;7;33;
22888;ACCT100;1;7;33;
2019555;PHYS100;1;10;33;
2017333;COE100;1;7;33;
22888;ACCT100;1;7;33;
2019555;PHYS100;1;10;33;
2017333;COE100;1;7;33;
22888;ACCT100;1;7;33;
2019555;PHYS100;1;10;33;
2017333;COE100;1;7;33;
22888;ACCT100;1;7;33;
2019555;PHYS100;1;10;33;
2017333;COE100;1;7;33;
22888;ACCT100;1;7;33;
2019555;PHYS100;1;10;33;
2017333;COE100;1;7;33;
22888;ACCT100;1;7;33;
2019555;PHYS100;1;10;33;
2017333;COE100;1;7;33;
22888;ACCT100;1;7;33;
2019555;PHYS100;1;10;33;
2017333;COE100;1;7;33;
22888;ACCT100;1;7;33;
2019555;PHYS100;1;10;33;
2017333;COE100;1;7;33;
22888;ACCT100;1;7;33;
2019555;PHYS100;1;10;33;
2017333;COE100;1;7;33;
22888;ACCT100;1;7;33;
2019555;PHYS100;1;10;33;
2017333;COE100;1;7;33;
22888;ACCT100;1;7;33;
2019555;PHYS100;1;10;33;
2017333;COE100;1;7;33;
22888;ACCT100;1;7;33;
2019555;PHYS100;1;10;33;
2017333;COE100;1;7;33;
22888;ACCT100;1;7;33;
2019555;PHYS100;1;10;33;
2017333;COE100;1;7;33;
22888;ACCT100;1;7;33;
2019555;PHYS100;1;10;33;
2017333;COE100;1;7;33;
22888;ACCT100;1;7;33;
2019555;PHYS100;1;10;33;
2017333;COE100;1;7;33;
22888;ACCT100;1;7;33;
2019555;PHYS100;1;10;33;
2017333;COE100;1;7;33;
22888;ACCT100;1;7;33;
2019555;PHYS100;1;10;33;
2017333;COE100;1;7;33;
22888;ACCT100;1;7;33;
2019555;PHYS100;1;10;33;
2017333;COE100;1;7;33;
22888;ACCT100;1;7;33;
2019555;PHYS100;1;10;33;
2017333;COE100;1;7;33;
22888;ACCT100;1;7;33;
2019555;PHYS100;1;10;33;
2017333;COE100;1;7;33;
22888;ACCT100;1;7;33;
2019555;PHYS100;1;10;33;
2017333;COE100;1;7;33;
22888;ACCT100;1;7;33;
2019555;PHYS100;1;10;33;
2017333;COE100;1;7;33;
22888;ACCT100;1;7;33;
2019555;PHYS100;1;10;33;
2017333;COE100;1;7;33;
22888;ACCT100;1;7;33;
2019555;PHYS100;1;10;33;
2017333;COE100;1;7;33;
22888;ACCT100;1;7;33;
2019555;PHYS100;1;10;33;
2017333;COE100;1;7;33;
22888;ACCT100;1;7;33;
2019555;PHYS100;1;10;33;
2017333;COE100;1;7;33;
22888;ACCT100;1;7;33;
2019555;PHYS100;1;10;33;
2017333;COE100;1;7;33;
22888;ACCT100;1;7;33;
2019555;PHYS100;1;10;33;
2017333;COE100;1;7;33;
22888;ACCT100;1;7;33;
2019555;PHYS100;1;10;33;
2017333;COE100;1;7;33;
22888;ACCT100;1;7;33;
2019555;PHYS100;1;10;33;
2017333;COE100;1;7;33;
22888;ACCT100;1;7;33;
2019555;PHYS100;1;10;33;
2017333;COE100;1;7;33;
22888;ACCT100;1;7;33;
2019555;PHYS100;1;10;33;
2017333;COE100;1;7;33;
22888;ACCT100;1;7;33;
2019555;PHYS100;1;10;33;
2017333;COE100;1;7;33;
22888;ACCT100;1;7;33;
2019555;PHYS100;1;10;33;
2017333;COE100;1;7;33;
22888;ACCT100;1;7;33;
2019555;PHYS100;1;10;33;
2017333;COE100;1;7;33;
22888;ACCT100;1;7;33;
2019555;PHYS100;1;10;33;
2021909;ENGL200;2;14;30;
2021555;CS202;2;14;30;
2019111;PHYS222;2;15;30;
2019111;PHYS200;2;15;30;
2021777;CS300;3;20;30;
2019111;PHYS200;2;15;30;
2021777;CS300;3;20;30;
2019111;PHYS200;2;15;30;
2021777;CS300;3;20;30;
2019111;PHYS200;2;15;30;
2021777;CS300;3;20;30;
2019111;PHYS200;2;15;30;
2021777;CS300;3;20;30;
2019111;PHYS200;2;15;30;
2021777;CS300;3;20;30;
2019111;PHYS200;2;15;30;
2021777;CS300;3;20;30;
2019111;PHYS200;2;15;30;
2021777;CS300;3;20;30;
2019111;PHYS200;2;15;30;
2021777;CS300;3;20;30;
2019111;PHYS200;2;15;30;
2021777;CS300;3;20;30;
2019111;PHYS200;2;15;30;
2021777;CS300;3;20;30;
2019111;PHYS200;2;15;30;
2021777;CS300;3;20;30;
2019111;PHYS200;2;15;30;
2021777;CS300;3;20;30;
2019111;PHYS200;2;15;30;
2021777;CS300;3;20;30;
2019111;PHYS200;2;15;30;
2021777;CS300;3;20;30;
2019111;PHYS200;2;15;30;
2021777;CS300;3;20;30;
2019111;PHYS200;2;15;30;
2021777;CS300;3;20;30;
2019111;PHYS200;2;15;30;
2021777;CS300;3;20;30;
2019111;PHYS200;2;15;30;
2021777;CS300;3;20;30;
2019111;PHYS200;2;15;30;
2021777;CS300;3;20;30;
2019111;PHYS200;2;15;30;
2021777;CS300;3;20;30;
2019111;PHYS200;2;15;30;
2021777;CS300;3;20;30;
2019111;PHYS200;2;15;30;
2021777;CS300;3;20;30;
2019111;PHYS200;2;15;30;
2021777;CS300;3;20;30;
2019111;PHYS200;2;15;30;
2021777;CS300;3;20;30;
2019111;PHYS200;2;15;30;
2021777;CS300;3;20;30;
2019111;PHYS200;2;15;30;
2021777;CS300;3;20;30;
2019111;PHYS200;2;15;30;
2021777;CS300;3;20;30;
2019111;PHYS200;2;15;30;
2021777;CS300;3;20;30;
2019111;PHYS200;2;15;30;
2021777;CS300;3;20;30;
2019111;PHYS200;2;15;30;
2021777;CS300;3;20;30;
2019111;PHYS200;2;15;30;
2021777;CS300;3;20;30;
2019111;PHYS200;2;15;30;
2021777;CS300;3;20;30;
2019111;PHYS200;2;15;30;
2021777;CS300;3;20;30;
2019111;PHYS200;2;15;30;
2021777;CS300;3;20;30;
2019111;PHYS200;2;15;30;
2021777;CS300;3;20;30;
2019111;PHYS200;2;15;30;
2021777;CS300;3;20;30;
2019111;PHYS200;2;15;30;
2021777;CS300;3;20;30;
2019111;PHYS200;2;15;30;
2021777;CS300;3;20;30;
2019111;PHYS200;2;15;30;
2021777;CS300;3;20;30;
2019111;PHYS200;2;15;30;
2021777;CS300;3;20;30;
2019111;PHYS200;2;15;30;
2021777;CS300;3;20;30;
2019111;PHYS200;2;15;30;
2021777;CS300;3;20;30;
2019111;PHYS200;2;15;30;
2021777;CS300;3;20;30;
2019111;PHYS200;2;15;30;
2021777;CS300;3;20;30;
2019111;PHYS200;2;15;30;
2021777;CS300;3;20;30;
2019111;PHYS200;2;15;30;
2021777;CS300;3;20;30;
2019111;PHYS200;2;15;30;
2021777;CS300;3;20;30;
2019111;PHYS200;2;15;30;
2021777;CS300;3;20;30;
2019111;PHYS200;2;15;30;
2021777;CS300;3;20;30;
2019111;PHYS200;2;15;30;
2021777;CS300;3;20;30;
2019111;PHYS200;2;15;30;
2021777;CS300;3;20;30;
2019111;PHYS200;2;15;30;
2021777;CS300;3;20;30;
2019111;PHYS200;2;15;30;
2021777;CS300;3;20;30;
2019111;PHYS200;2;15;30;
2021777;CS300;3;20;30;
2019111;PHYS200;2;15;30;
2021777;CS300;3;20;30;
2019111;PHYS200;2;15;30;
2021777;CS300;3;20;30;
2019111;PHYS200;2;15;30;
2021777;CS300;3;20;30;
2019111;PHYS200;2;15;30;
2021777;CS300;3;20;30;
2019111;PHYS200;2;15;30;
2021777;CS300;3;20;30;
2019111;PHYS200;2;15;30;
2021777;CS300;3;20;30;
2019111;PHYS200;2;15;30;
2021777;CS300;3;20;30;
2019111;PHYS200;2;15;30;
2021777;CS300;3;20;30;
2019111;PHYS200;2;15;30;
2021777;CS300;3;20;30;
2019111;PHYS200;2;15;30;
2021777;CS300;3;20;30;
2019111;PHYS200;2;15;30;
2021777;CS300;3;20;30;
2019111;PHYS200;2;15;30;
2021777;CS300;3;20;30;
2019111;PHYS200;2;15;30;
2021777;CS300;3;20;30;
2019111;PHYS200;2;15;30;
2021777;CS300;3;20;30;
2019111;PHYS200;2;15;30;
2021777;CS300;3;20;30;
2019111;PHYS200;2;15;30;
2021777;CS300;3;20;30;
2019111;PHYS200;2;15;30;
2021777;CS300;3;20;30;
2019111;PHYS200;2;15;30;
2021777;CS300;3;20;30;
2019111;PHYS200;2;15;30;
2021777;CS300;3;20;30;
2019111;PHYS200;2;15;30;
2021777;CS300;3;20;30;
2019111;PHYS200;2;15;30;
2021777;CS300;3;20;30;
2019111;PHYS200;2;15;30;
2021777;CS300;3;20;30;
2019111;PHYS200;2;15;30;
2021777;CS300;3;20;30;
2019111;PHYS200;2;15;30;
2021777;CS300;3;20;30;
2019111;PHYS200;2;15;30;
2021777;CS300;3;20;30;
2019111;PHYS200;2;15;30;
2021777;CS300;3;20;30;
2019111;PHYS200;2;15;30;
2021777;CS300;3;20;30;
2019111;PHYS200;2;15;30;
2021777;CS300;3;20;30;
2019111;PHYS200;2;15;30;
2017999;COE112;1;13;28;
2021999;CS112;1;13;28;
2018444;MATH102;1;13;28;
2017999;COE100;1;13;28;
2021999;CS100;1;13;28;
2018444;MATH100;1;13;28;
2017999;COE100;1;13;28;
2021999;CS100;1;13;28;
2018444;MATH100;1;13;28;
2017999;COE100;1;13;28;
2021999;CS100;1;13;28;
2018444;MATH100;1;13;28;
2017999;COE100;1;13;28;
2021999;CS100;1;13;28;
2018444;MATH100;1;13;28;
2017999;COE100;1;13;28;
2021999;CS100;1;13;28;
2018444;MATH100;1;13;28;
2017999;COE100;1;13;28;
2021999;CS100;1;13;28;
2018444;MATH100;1;13;28;
2017999;COE100;1;13;28;
2021999;CS100;1;13;28;
2018444;MATH100;1;13;28;
2017999;COE100;1;13;28;
2021999;CS100;1;13;28;
2018444;MATH100;1;13;28;
2017999;COE100;1;13;28;
2021999;CS100;1;13;28;
2018444;MATH100;1;13;28;
2017999;COE100;1;13;28;
2021999;CS100;1;13;28;
2018444;MATH100;1;13;28;
2017999;COE100;1;13;28;
2021999;CS100;1;13;28;
2018444;MATH100;1;13;28;
2017999;COE100;1;13;28;
2021999;CS100;1;13;28;
2018444;MATH100;1;13;28;
2017999;COE100;1;13;28;
2021999;CS100;1;13;28;
2018444;MATH100;1;13;28;
2017999;COE100;1;13;28;
2021999;CS100;1;13;28;
2018444;MATH100;1;13;28;
2017999;COE100;1;13;28;
2021999;CS100;1;13;28;
2018444;MATH100;1;13;28;
2017999;COE100;1;13;28;
2021999;CS100;1;13;28;
2018444;MATH100;1;13;28;
2017999;COE100;1;13;28;
2021999;CS100;1;13;28;
2018444;MATH100;1;13;28;
2017999;COE100;1;13;28;
2021999;CS100;1;13;28;
2018444;MATH100;1;13;28;
2017999;COE100;1;13;28;
2021999;CS100;1;13;28;
2018444;MATH100;1;13;28;
2017999;COE100;1;13;28;
2021999;CS100;1;13;28;
2018444;MATH100;1;13;28;
2017999;COE100;1;13;28;
2021999;CS100;1;13;28;
2018444;MATH100;1;13;28;
2017999;COE100;1;13;28;
2021999;CS100;1;13;28;
2018444;MATH100;1;13;28;
2017999;COE100;1;13;28;
2021999;CS100;1;13;28;
2018444;MATH100;1;13;28;
2017999;COE100;1;13;28;
2021999;CS100;1;13;28;
2018444;MATH100;1;13;28;
2017999;COE100;1;13;28;
2021999;CS100;1;13;28;
2018444;MATH100;1;13;28;
2017999;COE100;1;13;28;
2021999;CS100;1;13;28;
2018444;MATH100;1;13;28;
2017999;COE100;1;13;28;
2021999;CS100;1;13;28;
2018444;MATH100;1;13;28;
2017999;COE100;1;13;28;
2021999;CS100;1;13;28;
2018444;MATH100;1;13;28;
2017999;COE100;1;13;28;
2021999;CS100;1;13;28;
2018444;MATH100;1;13;28;
2017999;COE100;1;13;28;
2021999;CS100;1;13;28;
2018444;MATH100;1;13;28;
2017999;COE100;1;13;28;
2021999;CS100;1;13;28;
2018444;MATH100;1;13;28;
2017999;COE100;1;13;28;
2021999;CS100;1;13;28;
2018444;MATH100;1;13;28;
2017999;COE100;1;13;28;
2021999;CS100;1;13;28;
2018444;MATH100;1;13;28;
2017999;COE100;1;13;28;
2021999;CS100;1;13;28;
2018444;MATH100;1;13;28;
2017999;COE100;1;13;28;
2021999;CS100;1;13;28;
2018444;MATH100;1;13;28;
2017999;COE100;1;13;28;
2021999;CS100;1;13;28;
2018444;MATH100;1;13;28;
2017999;COE100;1;13;28;
2021999;CS100;1;13;28;
2018444;MATH100;1;13;28;
2017999;COE100;1;13;28;
2021999;CS100;1;13;28;
2018444;MATH100;1;13;28;
2017999;COE100;1;13;28;
2021999;CS100;1;13;28;
2018444;MATH100;1;13;28;
2017999;COE100;1;13;28;
2021999;CS100;1;13;28;
2018444;MATH100;1;13;28;
2017999;COE100;1;13;28;
2021999;CS100;1;13;28;
2018444;MATH100;1;13;28;
2017999;COE100;1;13;28;
2021999;CS100;1;13;28;
2018444;MATH100;1;13;28;
2017999;COE100;1;13;28;
2021999;CS100;1;13;28;
2018444;MATH100;1;13;28;
2017999;COE100;1;13;28;
2021999;CS100;1;13;28;
2018444;MATH100;1;13;28;
2017999;COE100;1;13;28;
2021999;CS100;1;13;28;
2018444;MATH100;1;13;28;
2017999;COE100;1;13;28;
2021999;CS100;1;13;28;
2018444;MATH100;1;13;28;
2017999;COE100;1;13;28;
2021999;CS100;1;13;28;
2018444;MATH100;1;13;28;
2017999;COE100;1;13;28;
2021999;CS100;1;13;28;
2018444;MATH100;1;13;28;
2017999;COE100;1;13;28;
2021999;CS100;1;13;28;
2018444;MATH100;1;13;28;
2017999;COE100;1;13;28;
2021999;CS100;1;13;28;
2018444;MATH100;1;13;28;
2017999;COE100;1;13;28;
2021999;CS100;1;13;28;
2018444;MATH100;1;13;28;
2017999;COE100;1;13;28;
2021999;CS100;1;13;28;
2018444;MATH100;1;13;28;
2017999;COE100;1;13;28;
2021999;CS100;1;13;28;
2018444;MATH100;1;13;28;
2017999;COE100;1;13;28;
2021999;CS100;1;13;28;
2018444;MATH100;1;13;28;
2017999;COE100;1;13;28;
2021999;CS100;1;13;28;
2018444;MATH100;1;13;28;
2017999;COE100;1;13;28;
2021999;CS100;1;13;28;
2018444;MATH100;1;13;28;
2017999;COE100;1;13;28;
2021999;CS100;1;13;28;
2018444;MATH100;1;13;28;
2017999;COE100;1;13;28;
2021999;CS100;1;13;28;
2018444;MATH100;1;13;28;
2017999;COE100;1;13;28;
2021999;CS100;1;13;28;
2018444;MATH100;1;13;28;
2017999;COE100;1;13;28;
2021999;CS100;1;13;28;
2018444;MATH100;1;13;28;
2017999;COE100;1;13;28;
2021999;CS100;1;13;28;
2018444;MATH100;1;13;28;
2017999;COE100;1;13;28;
2021999;CS100;1;13;28;
2018444;MATH100;1;13;28;
2017999;COE100;1;13;28;
2021999;CS100;1;13;28;
2018444;MATH100;1;13;28;
2017999;COE100;1;13;28;
2021999;CS100;1;13;28;
2018444;MATH100;1;13;28;
2017999;COE100;1;13;28;
2021999;CS100;1;13;28;
2018444;MATH100;1;13;28;
2017999;COE100;1;13;28;
2021999;CS100;1;13;28;
2018444;MATH100;1;13;28;
2017999;COE100;1;13;28;
2021999;CS100;1;13;28;
2018444;MATH100;1;13;28;
2017999;COE100;1;13;28;
2021999;CS100;1;13;28;
2018444;MATH100;1;13;28;
2017999;COE100;1;13;28;
2021999;CS100;1;13;28;
2018444;MATH100;1;13;28;
2017999;COE100;1;13;28;
2021999;CS100;1;13;28;
2018444;MATH100;1;13;28;
2017999;COE100;1;13;28;
2021999;CS100;1;13;28;
2018444;MATH100;1;13;28;
2017999;COE100;1;13;28;
2021999;CS100;1;13;28;
2018444;MATH100;1;13;28;
2017999;COE100;1;13;28;
2021999;CS100;1;13;28;
2018444;MATH100;1;13;28;
2017999;COE100;1;13;28;
2021999;CS100;1;13;28;
2018444;MATH100;1;13;28;
2017999;COE100;1;13;28;
2021999;CS100;1;13;28;
2018444;MATH100;1;13;28;
2017999;COE100;1;13;28;
2021999;CS100;1;13;28;
2018444;MATH100;1;13;28;
2017999;COE100;1;13;28;
2021999;CS100;1;13;28;
2018444;MATH100;1;13;28;
2017999;COE100;1;13;28;
2021999;CS100;1;13;28;
2018444;MATH100;1;13;28;
2017999;COE100;1;13;28;
2021999;CS100;1;13;28;
2018444;MATH100;1;13;28;
2017999;COE100;1;13;28;
2021999;CS100;1;13;28;
2018444;MATH100;1;13;28;
2017999;COE100;1;13;28;
2021999;CS100;1;13;28;
2018444;MATH100;1;13;28;
2017999;COE100;1;13;28;
2021999;CS100;1;13;28;
2018444;MATH100;1;13;28;
2017999;COE100;1;13;28;
2021999;CS100;1;13;28;
2018666;COE202;2;16;25;
2018888;MATH222;2;16;25;
2017777;COE200;2;18;25;
2020666;ARAB102;1;15;23;
2016666;ENGL102;1;15;23;
2020666;ARAB100;1;15;23;
2016666;ENGL100;1;15;23;
2020666;ARAB100;1;15;23;
2016666;ENGL100;1;15;23;
2020666;ARAB100;1;15;23;
2016666;ENGL100;1;15;23;
2020666;ARAB100;1;15;23;
2016666;ENGL100;1;15;23;
2020666;ARAB100;1;15;23;
2016666;ENGL100;1;15;23;
2020666;ARAB100;1;15;23;
2016666;ENGL100;1;15;23;
2020666;ARAB100;1;15;23;
2016666;ENGL100;1;15;23;
2020666;ARAB100;1;15;23;
2016666;ENGL100;1;15;23;
2020666;ARAB100;1;15;23;
2016666;ENGL100;1;15;23;
2020666;ARAB100;1;15;23;
2016666;ENGL100;1;15;23;
2020666;ARAB100;1;15;23;
2016666;ENGL100;1;15;23;
2020666;ARAB100;1;15;23;
2016666;ENGL100;1;15;23;
2020666;ARAB100;1;15;23;
2016666;ENGL100;1;15;23;
2020666;ARAB100;1;15;23;
2016666;ENGL100;1;15;23;
2020666;ARAB100;1;15;23;
2016666;ENGL100;1;15;23;
2020666;ARAB100;1;15;23;
2016666;ENGL100;1;15;23;
2020666;ARAB100;1;15;23;
2016666;ENGL100;1;15;23;
2020666;ARAB100;1;15;23;
2016666;ENGL100;1;15;23;
2020666;ARAB100;1;15;23;
2016666;ENGL100;1;15;23;
2020666;ARAB100;1;15;23;
2016666;ENGL100;1;15;23;
2020666;ARAB100;1;15;23;
2016666;ENGL100;1;15;23;
2020666;ARAB100;1;15;23;
2016666;ENGL100;1;15;23;
2020666;ARAB100;1;15;23;
2016666;ENGL100;1;15;23;
2020666;ARAB100;1;15;23;
2016666;ENGL100;1;15;23;
2020666;ARAB100;1;15;23;
2016666;ENGL100;1;15;23;
2020666;ARAB100;1;15;23;
2016666;ENGL100;1;15;23;
2020666;ARAB100;1;15;23;
2016666;ENGL100;1;15;23;
2020666;ARAB100;1;15;23;
2016666;ENGL100;1;15;23;
2020666;ARAB100;1;15;23;
2016666;ENGL100;1;15;23;
2020666;ARAB100;1;15;23;
2016666;ENGL100;1;15;23;
2020666;ARAB100;1;15;23;
2016666;ENGL100;1;15;23;
2020666;ARAB100;1;15;23;
2016666;ENGL100;1;15;23;
2020666;ARAB100;1;15;23;
2016666;ENGL100;1;15;23;
2020666;ARAB100;1;15;23;
2016666;ENGL100;1;15;23;
2020666;ARAB100;1;15;23;
2016666;ENGL100;1;15;23;
2020666;ARAB100;1;15;23;
2016666;ENGL100;1;15;23;
2020666;ARAB100;1;15;23;
2016666;ENGL100;1;15;23;
2020666;ARAB100;1;15;23;
2016666;ENGL100;1;15;23;
2020666;ARAB100;1;15;23;
2016666;ENGL100;1;15;23;
2020666;ARAB100;1;15;23;
2016666;ENGL100;1;15;23;
2020666;ARAB100;1;15;23;
2016666;ENGL100;1;15;23;
2020666;ARAB100;1;15;23;
2016666;ENGL100;1;15;23;
2020666;ARAB100;1;15;23;
2016666;ENGL100;1;15;23;
2020666;ARAB100;1;15;23;
2016666;ENGL100;1;15;23;
2020666;ARAB100;1;15;23;
2016666;ENGL100;1;15;23;
2020666;ARAB100;1;15;23;
2016666;ENGL100;1;15;23;
2020666;ARAB100;1;15;23;
2016666;ENGL100;1;15;23;
2020666;ARAB100;1;15;23;
2016666;ENGL100;1;15;23;
2020666;ARAB100;1;15;23;
2016666;ENGL100;1;15;23;
2020666;ARAB100;1;15;23;
2016666;ENGL100;1;15;23;
2020666;ARAB100;1;15;23;
2016666;ENGL100;1;15;23;
2020666;ARAB100;1;15;23;
2016666;ENGL100;1;15;23;
2020666;ARAB100;1;15;23;
2016666;ENGL100;1;15;23;
2020666;ARAB100;1;15;23;
2016666;ENGL100;1;15;23;
2020666;ARAB100;1;15;23;
2016666;ENGL100;1;15;23;
2020666;ARAB100;1;15;23;
2016666;ENGL100;1;15;23;
2020666;ARAB100;1;15;23;
2016666;ENGL100;1;15;23;
2020666;ARAB100;1;15;23;
2016666;ENGL100;1;15;23;
2020666;ARAB100;1;15;23;
2016666;ENGL100;1;15;23;
2020666;ARAB100;1;15;23;
2016666;ENGL100;1;15;23;
2020666;ARAB100;1;15;23;
2016666;ENGL100;1;15;23;
2020666;ARAB100;1;15;23;
2016666;ENGL100;1;15;23;
2020666;ARAB100;1;15;23;
2016666;ENGL100;1;15;23;
2020666;ARAB100;1;15;23;
2016666;ENGL100;1;15;23;
2020666;ARAB100;1;15;23;
2016666;ENGL100;1;15;23;
2020666;ARAB100;1;15;23;
2016666;ENGL100;1;15;23;
2020666;ARAB100;1;15;23;
2016666;ENGL100;1;15;23;
2020666;ARAB100;1;15;23;
2016666;ENGL100;1;15;23;
2020666;ARAB100;1;15;23;
2016666;ENGL100;1;15;23;
2020666;ARAB100;1;15;23;
2016666;ENGL100;1;15;23;
2020666;ARAB100;1;15;23;
2016666;ENGL100;1;15;23;
2020666;ARAB100;1;15;23;
2016666;ENGL100;1;15;23;
2020666;ARAB100;1;15;23;
2016666;ENGL100;1;15;23;
2020666;ARAB100;1;15;23;
2016666;ENGL100;1;15;23;
2020666;ARAB100;1;15;23;
2016666;ENGL100;1;15;23;
2020666;ARAB100;1;15;23;
2016666;ENGL100;1;15;23;
2020666;ARAB100;1;15;23;
2016666;ENGL100;1;15;23;
2020666;ARAB100;1;15;23;
2016666;ENGL100;1;15;23;
2020666;ARAB100;1;15;23;
2016666;ENGL100;1;15;23;
2020666;ARAB100;1;15;23;
2016666;ENGL100;1;15;23;
2020666;ARAB100;1;15;23;
2016666;ENGL100;1;15;23;
2020666;ARAB100;1;15;23;
2016666;ENGL100;1;15;23;
2020222;ARAB200;2;20;20;
2017777;COE222;2;20;20;
2020222;ARAB202;2;20;20;
2017777;COE200;2;20;20;
2020222;ARAB200;2;20;20;
2017777;COE200;2;20;20;
2020222;ARAB200;2;20;20;
2017777;COE200;2;20;20;
2020222;ARAB200;2;20;20;
2017777;COE200;2;20;20;
2020222;ARAB200;2;20;20;
2017777;COE200;2;20;20;
2020222;ARAB200;2;20;20;
2017777;COE200;2;20;20;
2020222;ARAB200;2;20;20;
2017777;COE200;2;20;20;
2020222;ARAB200;2;20;20;
2017777;COE200;2;20;20;
2020222;ARAB200;2;20;20;
2017777;COE200;2;20;20;
2020222;ARAB200;2;20;20;
2017777;COE200;2;20;20;
2020222;ARAB200;2;20;20;
2017777;COE200;2;20;20;
2020222;ARAB200;2;20;20;
2017777;COE200;2;20;20;
2020222;ARAB200;2;20;20;
2017777;COE200;2;20;20;
2020222;ARAB200;2;20;20;
2017777;COE200;2;20;20;
2020222;ARAB200;2;20;20;
2017777;COE200;2;20;20;
2020222;ARAB200;2;20;20;
2017777;COE200;2;20;20;
2020222;ARAB200;2;20;20;
2017777;COE200;2;20;20;
2020222;ARAB200;2;20;20;
2017777;COE200;2;20;20;
2020222;ARAB200;2;20;20;
2017777;COE200;2;20;20;
2020222;ARAB200;2;20;20;
2017777;COE200;2;20;20;
2020222;ARAB200;2;20;20;
2017777;COE200;2;20;20;
2020222;ARAB200;2;20;20;
2017777;COE200;2;20;20;
2020222;ARAB200;2;20;20;
2017777;COE200;2;20;20;
2020222;ARAB200;2;20;20;
2017777;COE200;2;20;20;
2020222;ARAB200;2;20;20;
2017777;COE200;2;20;20;
2020222;ARAB200;2;20;20;
2017777;COE200;2;20;20;
2020222;ARAB200;2;20;20;
2017777;COE200;2;20;20;
2020222;ARAB200;2;20;20;
2017777;COE200;2;20;20;
2020222;ARAB200;2;20;20;
2017777;COE200;2;20;20;
2020222;ARAB200;2;20;20;
2017777;COE200;2;20;20;
2020222;ARAB200;2;20;20;
2017777;COE200;2;20;20;
2020222;ARAB200;2;20;20;
2017777;COE200;2;20;20;
2020222;ARAB200;2;20;20;
2017777;COE200;2;20;20;
2020222;ARAB200;2;20;20;
2017777;COE200;2;20;20;
2020222;ARAB200;2;20;20;
2017777;COE200;2;20;20;
2020222;ARAB200;2;20;20;
2017777;COE200;2;20;20;
2020222;ARAB200;2;20;20;
2017777;COE200;2;20;20;
2020222;ARAB200;2;20;20;
2017777;COE200;2;20;20;
2020222;ARAB200;2;20;20;
2017777;COE200;2;20;20;
2020222;ARAB200;2;20;20;
2017777;COE200;2;20;20;
2020222;ARAB200;2;20;20;
2017777;COE200;2;20;20;
2020222;ARAB200;2;20;20;
2017777;COE200;2;20;20;
2020222;ARAB200;2;20;20;
2017777;COE200;2;20;20;
2020222;ARAB200;2;20;20;
2017777;COE200;2;20;20;
2020222;ARAB200;2;20;20;
2017777;COE200;2;20;20;
2020222;ARAB200;2;20;20;
2017777;COE200;2;20;20;
2020222;ARAB200;2;20;20;
2017777;COE200;2;20;20;
2020222;ARAB200;2;20;20;
2017777;COE200;2;20;20;
2020222;ARAB200;2;20;20;
2017777;COE200;2;20;20;
2020222;ARAB200;2;20;20;
2017777;COE200;2;20;20;
2020222;ARAB200;2;20;20;
2017777;COE200;2;20;20;
2020222;ARAB200;2;20;20;
2017777;COE200;2;20;20;
2020222;ARAB200;2;20;20;
2017777;COE200;2;20;20;
2020222;ARAB200;2;20;20;
2017777;COE200;2;20;20;
2020222;ARAB200;2;20;20;
2017777;COE200;2;20;20;
2020222;ARAB200;2;20;20;
2017777;COE200;2;20;20;
2020222;ARAB200;2;20;20;
2017777;COE200;2;20;20;
2020222;ARAB200;2;20;20;
2017777;COE200;2;20;20;
2020222;ARAB200;2;20;20;
2017777;COE200;2;20;20;
2020222;ARAB200;2;20;20;
2017777;COE200;2;20;20;
2020222;ARAB200;2;20;20;
2017777;COE200;2;20;20;
2020222;ARAB200;2;20;20;
2017777;COE200;2;20;20;
2020222;ARAB200;2;20;20;
2017777;COE200;2;20;20;
2020222;ARAB200;2;20;20;
2017777;COE200;2;20;20;
2020222;ARAB200;2;20;20;
2017777;COE200;2;20;20;
2020222;ARAB200;2;20;20;
2017777;COE200;2;20;20;
2020222;ARAB200;2;20;20;
2017777;COE200;2;20;20;
2020222;ARAB200;2;20;20;
2017777;COE200;2;20;20;
2020222;ARAB200;2;20;20;
2017777;COE200;2;20;20;
2020222;ARAB200;2;20;20;
2017777;COE200;2;20;20;
2020222;ARAB200;2;20;20;
2017777;COE200;2;20;20;
2020222;ARAB200;2;20;20;
2017777;COE200;2;20;20;
2020222;ARAB200;2;20;20;
2017777;COE200;2;20;20;
2020222;ARAB200;2;20;20;
2017777;COE200;2;20;20;
2020222;ARAB200;2;20;20;
2017777;COE200;2;20;20;
2020222;ARAB200;2;20;20;
2017777;COE200;2;20;20;
2020222;ARAB200;2;20;20;
2017777;COE200;2;20;20;
2020222;ARAB200;2;20;20;
2017777;COE200;2;20;20;
2020222;ARAB200;2;20;20;
2017777;COE200;2;20;20;
2020222;ARAB200;2;20;20;
2017777;COE200;2;20;20;
2020222;ARAB200;2;20;20;
2017777;COE200;2;20;20;
2020222;ARAB200;2;20;20;
2017777;COE200;2;20;20;
2020222;ARAB200;2;20;20;
2017777;COE200;2;20;20;
2024876;ACCT220;1;20;13;